134217728 469762048
637534208 2063597568
2306867200 3737124865
1113587714 3887071239
949485576 1307312156
4096131110 377159802
864649355 3705586137
1195532878 3915888627
792236060 1640888358
2993949819 2677413512
3774034653 824041028
1537491950 3367953443
2105687668 2227651478
3479790834 1898921758
2615263651 3895616180
744470167 3871380209
979500570 1269957419
2023687657 232885295
2486359649 4133376946
331603102 1013204963
3334400053 1786915924
2865194710 2859022930
2880424926 2829088834
2914028774 2761545530
3220066762 2149833338
3228846986 1620506842
2985430347 2585728376
3944854797 703763860
1847522550 2736920339
3052876220 2484198023
4131015368 323746429
3178761093 2232162508
3449171319 1962108176
2535275960 4054172813
448557012 713465942
1791668435 712677725
3951750981 685384044
1833661222 2776178171
3171918856 2240855581
3438904100 1997456895
294808577 3137316355
2315303684 3674311055
1233313488 4274405976
40626125 2275948661
3366734996 2108094455
79302673 2408265787
3503934536 1498314493
1332974085 1897725709
463929749 2830729973
2911815188 2765253431
3210717648 2168499801
3277956046 1697821810
3185481375 2218980064
3471187505 1916478298
2672424267 3783136632
855848205 3716535701
1154241780 4017542934
554848690 1941953183
478169825 2814442035
3093367644 2360580423
3617386344 1357324589
1496970213 1338907709
1886594629 413006829
2917402661 2755533948
3192071815 2212887240
3292269181 1850088324
2750097614 3022646642
2523800862 4087578018
481625270 664113043
4176793853 219633924
363941774 882602195
3622377821 1345302340
3630211438 1286714146
4154105335 283829264
959069752 1340818252
4029244790 409943314
748799423 3887230081
949987266 1306572903
1949404345 375052175
3016380625 2625362266
3867692874 987558266
1246173963 2078910873
137277167 2623709729
3870734194 982683934
1258224547 2046953653
185015701 2575934709
4007575316 574783927
4159095441 272262906
944486923 3438840601
1997396398 2442415779
4210487988 168959639
2604606193 3921802778
778179370 1672953323
881968169 3623513711
1342940064 3625497776
1278056345 1986326767
331290913 3162615795
2277679132 3362172967
2092603512 2274028684
3369740247 2102098000
2239302872 3440351053
1972433268 2499353366
4144998834 294694558
989438691 3389961781
2064814932 2310995286
3733062994 1120341342
3865679171 1001321828
1218581822 4256642499
76665956 268064446
269210243 3088604869
2351743596 3597100967
1404647608 3700411788
1204843735 1750636369
751694171 3883146057
957753726 1337159427
1889345925 434500301
2923175541 2739282836
3043718391 2502498064
4126126521 337681038
913435347 3550095965
1558932420 3341363310
1777331362 2921342903
2742057104 3038285305
2511197198 4104410642
398381886 813850051
3653747813 1315466940
4088177286 480753354
666407547 4170055561
231997662 341180739
3067282277 2455602492
4291087815 7304296
10557100 28553894
43818683 2263343753
3392681694 2068599362
2306269159 3742515256
1103093837 1652568309
918575381 3529559989
1605464212 3231390198
1642704402 2989400895
2674046400 3778450529
869463730 1549669023
1187200737 1785053747
733767517 3901143365
768249708 1685770534
3196738555 2195441672
3326639133 1811711524
2819083134 2886236418
2786889606 3139948746
2314754426 3725381386
1125609882 3853589227
1016834600 1206430572
3895306534 744796154
1723834379 981512217
3401685039 2053303392
2343970480 3633543833
1308429038 4094007843
369945460 857155862
1571942323 1150951581
1877701093 539564605
4033850181 413182316
766619430 1687855611
1072345609 3224018719
1617617312 2963944112
2578144921 4004070126
581920290 1990278007
313772305 3197927355
2196144264 3325739485
1800036932 2843457518
2936573986 2711484534
3001289874 2654869502
3812831234 895866886
1430014987 1439102489
1416237871 1454063073
1386857523 1588489821
1118020549 1723118701
983013029 3404788413
2048466564 2335154894
3655382642 1311871902
4082826467 491390772
628820438 2097782355
94299101 2363634757
3610728172 1372672551
1515937657 1271480591
2021614481 209794299
2546194185 4033106334
415161058 763513399
3838311249 1063782746
1093410635 1676026233
876311311 3595115921
1409262842 3691036427
1174503832 3942826732
696673831 4006329209
578324750 2005786515
282345725 3109478661
2404529036 3512687831
1531004752 3378735448
2134191949 30794101
2186556181 3352714676
1750320279 752644081
3880165403 963293224
1328191596 4058705062
438970298 728463499
3911781849 804230222
1612773107 812716573
3634085669 1307083260
4096639494 375678730
868137371 3699543785
1204212270 3899285347
749453620 1739088854
3098326099 2376570588
3568890439 1468866536
3503661100 1498722407
1331140793 1901129103
458826961 2840592219
2943353160 2702705533
3014395140 2628128143
3887797456 948549465
3453915471 1950546800
2531658008 4063961005
524918948 561951166
1929550467 495381189
2764712557 3212536740
2164861119 3282038144
1692411073 1060142947
3252191541 1649263572
3086246998 2417409746
4164059742 207538114
381839463 2993138873
2679678862 3767384274
836013406 1515705667
1271944549 2019087677
214783429 2541048941
4044707492 464868031
2828361345 2918531778
2752865894 3191159738
2203437194 3310648794
1834386506 2773667579
3177083400 2235801373
3445940644 1967076031
365026945 3026338499
2528634468 4069538751
519587968 571276736
1997997152 2444332720
4204450457 183131886
439075363 2875746165
2838280468 2951188407
2688077968 2957859321
2566213134 3977605906
632626622 2090181763
133480389 2283241581
3694182564 1180262847
1808740993 678551235
3969532517 669771708
2015901830 2355908043
3601265784 1387927181
1586180821 1121574485
1716405205 1005839445
3357294293 2082882132
2256267222 3414702162
2027703518 2370238275
3580498276 1428896575
1441384897 1412333155
1449362357 1404355733
1553428469 1206984725
1746661429 740825173
3865849045 1000761172
1220262230 4253585235
81645916 256138054
292473195 3139600169
2314699246 3725640226
1127835510 3855563027
1014091708 1184526470
3941308875 707325560
1802314636 2837837014
2952533842 2684760414
2953534274 2551794022
3962535738 643891658
2075361915 144492425
2649188575 3828952384
1045423457 3287301427
1679312348 3190615110
2204575466 3308911146
1842219882 2759006507
3198005224 2196021293
3326062692 1799395519
694283649 4013040835
568295268 1916862782
2682487747 3761554532
811036351 3637584513
1297872578 4115141223
360464312 889602188
1435230678 3570938451
1464623068 3514220614
1527931114 3384783147
2122357736 2193745964
3328322663 1807181496
2828089996 2918959831
2752019024 3189541849
2200426574 3321384178
1812789022 2786529699
3140598452 2312800919
3729447664 1140476441
1678506799 1041762785
3274448435 1709581148
3158013254 2252936554
3422532906 2013304298
2348938283 3590461032
1392980909 1569316005
1155418045 1866721413
560213453 4080952437
499367572 610566902
2126497299 41970493
2260773317 3395399276
2075304871 144618681
2648872847 3828805840
1045567833 3286183759
1682039152 3202495256
2184666541 3343991972
1767600063 793321601
3783258563 855644772
1568680894 3300944003
1868606916 2704385134
3017457314 2622128822
3875194514 973761278
1260104195 2041096965
246262157 2460266197
4273971796 41990103
2260832337 3395483866
2075528522 2291340667
3724391688 1141151133
1846539493 588257085
4122489285 344742508
936823718 1347582139
1491045769 1296094431
1969313601 355684707
3051182901 2487568852
4142759511 304415696
1065190488 1090834124
3817828982 886120338
1465622783 1363718401
1534958467 1225058501
2140089709 13755685
2170174973 3276489732
1702456847 1024402193
3314677179 1828328584
2802530268 3113865287
2397985000 3525561645
1601467876 3239482430
1672672834 3030258663
2548251704 4030056013
408185844 752265238
1733471283 962504285
3477257157 1902545004
2604326054 3922347962
779872394 1669869019
886858825 3611737855
1365934592 3677013760
1240099201 2116792003
57188965 2234365885
3454308484 1950349775
373296753 3017806747
2620407016 3864545069
1003284964 1215770174
4237419331 133838180
134960446 471422403
2788119653 3143718588
2301842055 3755826888
1078280829 1626171269
824522957 3690843509
1208251668 4228814262
101905554 188618751
2579705857 3999651842
599542790 1955001867
399119129 2960866735
2559165600 3990777777
608411802 2128916971
37722665 2269178735
3378587936 2134110193
31203355 2185654313
3354105966 1747512482
2892834743 2795894928
3132886521 2324042766
3670750738 1249497918
4220411331 148096100
492596926 625386115
4251629253 86676076
233504678 338297019
3060466057 2477359838
4239312450 128084966
146253883 2643504201
3841566462 1057929730
1100122887 1660869001
906120927 3540513345
1569202146 3302760503
1866887248 2708183256
3005803853 2649564532
3827694871 1048315312
1132858520 3838515180
1064939559 3238959225
1670573198 3036555219
2533587036 4052028615
449681256 712306988
1805065190 2834409531
2904206408 2779424509
3165305348 2276100879
3366640016 2108313337
78377487 2410159889
3500941754 1504080522
3468402395 1921573448
2665297916 3796226055
938235912 1344719900
3631904294 1284215674
4158192907 273483160
955616492 1293211430
4122431995 345070088
939215644 1342798246
3625914043 1277268616
4134731484 329122375
3168995305 2268432430
3386170466 2119648950
2211539603 3294309116
1858726407 578693897
4152584607 281358048
963502640 1327773528
4059976012 436460407
2869184785 2844721082
2932998282 2724135386
3082912330 2422392826
4172703754 227781658
352101931 3070737257
2441644334 4208844770
172245046 468639827
2820813021 2893502788
2794540911 3137040672
2315852785 3676284954
1235266602 4273055339
43695016 116033708
170581414 459949243
2838228873 2951225566
2687267138 2959514470
2562386234 3985256394
618356858 2135502987
25156057 2197835343
3313562608 1824594969
660842031 4180982625
265783602 273735647
3101245505 2370789602
3580965174 1427889106
3584575583 1420623040
3618047840 1354336561
1502535643 1322401865
1918886143 532689153
2690669443 2964375748
2576973167 4008641824
572624369 4151497755
287200808 1000592236
1219779878 4254516731
82996232 253732380
295746342 984713723
3399147017 2062172958
2318132643 3681041588
1227638679 2145839345
3812635 2152424873
3237559470 1628424098
3012585655 2633543056
3876431097 966049550
1324843411 1913701117
523855365 2714712845
2993801620 2677702391
3773530640 824756025
3689769423 1210396272
4236108696 109327597
2328778533 3665023484
1268537863 2028391177
221936031 2513145569
4101558834 378363742
852836675 3730137957
1138046268 3830830534
1054102634 1112987307
1741836969 945807023
3435152033 2002839218
2435922591 4225485536
138967601 2633796443
3876051272 965234557
3470586117 1917262732
2682890454 3761155410
811771230 1488371011
1301448037 1962855741
386037189 2978452589
2596861604 3934065343
730185344 1758233280
2910307936 2769316785
3182995610 2223877610
3486819370 1884798570
2563802027 3982083240
625897389 4252213413
85766588 229087878
347663051 3079481977
2429938574 4183042258
257322334 290694467
3143417189 2303165756
3748187591 1093497960
3823441580 876458663
3594821305 1408230030
3693098707 1181766236
3952664518 686637162
1831166123 637350313
4228242095 101468832
186055344 431098520
782179052 1658956326
3056774011 2472454408
4249005981 90611940
221950270 365599683
3027953765 2525637820
4074465159 508115144
603966844 1946187014
2516620683 4076991704
495064909 2764517749
3211385620 2167294391
3286498960 1681130233
1045825039 3285388049
1683855802 3200577163
2188321496 3349280333
1756500980 2912893974
2766259762 3207752542
2178918722 3259019110
1742840122 3090330571
2355010680 3603097229
1382431444 3753593430
1082751954 3789490271
843160768 1608705888
3224779056 1616072665
819818575 3645184241
1332587802 4045710763
469744808 671123372
1812056230 2785181115
3137832072 2307444701
3739054148 1111824623
1743629601 941925875
3430923293 1988134436
2462174078 4267866370
62361478 76599499
2415483257 3490664206
1477538194 3426425599
1984539136 2482940672
4228032897 101101250
185246311 2577053625
4008349838 573241810
2003439199 288035777
3152657507 2284750516
3697461911 1186364144
3935537688 721214253
3926346213 722042428
1772028742 2934015339
2721238312 3076421101
2437125156 4217697919
155128704 532790464
543328096 1891027248
2576515032 4009721933
570474740 1996579094
2441294771 4207271068
174868455 2611406905
3904515150 764110578
1691957791 1062193953
3245373939 1662553628
3048067878 2493799930
4156474378 276983322
969384747 3462968809
1940755502 2628056675
3888059316 948026519
3452078065 1952892954
2528803883 4069230184
517524397 2722986149
3086290364 2417333383
4164220872 207032445
2530326661 4066020812
533386359 2692372113
2961953530 2581093898
3998008090 603415978
1947286699 373016489
3007867055 2642193824
3842483377 1032372122
1155367147 1866776873
560948207 4079039521
502519410 605836191
4263959777 58345266
84666847 2375560769
3572261858 1462154294
3522860627 1510667228
3407486022 2041259754
2393504299 3534621544
1587747117 1119203301
1721016381 989311045
3390085357 2067393828
2311988734 3732110338
1134364166 3840248587
1060952472 1103580908
3798561318 934223738
1352769803 1504883609
1319017711 1927472929
506870259 2740145693
3042800420 2504334847
4117603328 354729473
3053421315 2483078532
4127288527 318973808
1032190232 1154224044
4017492134 554908090
1941819019 478442201
2815336015 3094537200
2359178265 3622000174
1345672034 3629473079
1289045456 4149570648
290793165 3142974069
2303986580 3746961655
1095970064 3814581688
893664397 3580774357
1428416596 3589549270
1410754386 3593714015
1398574912 3712471392
1164466993 1831651803
635928137 4231595007
105874432 200330752
404321024 741285248
1717675200 3149053792
2292089137 3722626010
1144415306 3998465787
601653768 1950861084
2531813798 4063014586
526885514 557364955
4090335817 477429758
647430147 4210130949
169525260 455761942
703311923 3995637853
594406596 1965303662
2516482339 4093874164
369414167 3004127281
2643545178 3841685194
1057559162 1100988299
1658880217 909230415
3545916273 1565242650
3313014187 1829631144
2777946028 3170250919
2266192312 3384626829
2122674900 2194480726
3329598418 1804907614
2834798275 2903568996
2780372927 3163529344
2278601153 3361315426
2093935542 2272405651
3374280188 2141266951
11795977 2174485279
3269854624 1715145905
994678683 3380539625
2130843950 2173120483
3268010036 1719545943
998463697 3368373595
2104325448 2233800060
3455956231 1946457480
2517628124 4077918023
498610536 613178156
2144782822 2152889915
3235873608 1631634813
862022917 3711116685
1172176084 3963881302
653134162 2049122143
192258369 2568270691
4021787956 546366935
4059642961 437241562
722496075 3921193977
781035534 1658104851
911713853 3553672005
1549371756 3335446310
1785872890 2879382027
2833266456 2905625005
2782452388 3159182015
2264234624 3390376641
2067110498 2312432567
3730253968 1137831417
1683629071 1053523473
3262710587 1737459144
3100691580 2371450503
3578729160 1433517693
1427800965 1437254861
1420455797 1470865685
1353233333 1504550037
1319430133 1925134357
511822901 2730653269
3060241364 2478373975
4237100752 131435097
2287262671 3705096304
1196522649 1767573487
793348129 3783187571
855787164 1569188582
3301452347 1870424904
2701568380 3012210439
2631573896 3880432349
964337220 1326113774
4053414947 451630708
707351446 1802460403
690046749 4025706917
538783420 1881531014
2558277323 3968225912
667672461 4168630485
210559316 399979350
810671443 3638183261
1296821572 4118291822
353140002 899057143
3572681745 1461614138
3517158219 1521810808
3398894860 2062650775
169530609 2603243291
3924545960 774396589
3815557797 891779772
1442384518 3557792459
1443949176 3543739276
1573906647 1148202321
1855481179 585940297
4129785215 326683904
1024292224 1167398080
3975526240 655659313
4189584347 244320328
318250236 1040983814
1125546379 1706266329
1016910415 3353829361
1748582426 2890883115
2800824424 3122387117
2334674340 3656185023
1311184768 4084838592
487496033 2777870131
3170771420 2265150023
3380944872 2127405101
41201765 2274859197
3371232644 2098799823
95420273 2359296283
3618636712 1352139949
1508642725 1311117501
1937455493 487182029
2778624629 3169034132
2268389623 3386323216
2119293881 64637071
2219572689 3472360538
1913392842 2669023867
3786620808 849199325
3739509061 1111405420
3879902502 963044858
1329216523 1909147161
444164911 2878286305
2832330290 2908365662
2773185858 3178829158
2232399162 3448804810
1962538106 2534282891
4052955864 452845133
2852406261 2869879828
2844933687 2935964496
2718000473 3070442830
2441463154 4207701278
175547810 462601399
2835253137 2902640890
2777054474 3167454618
2272840938 3373102890
2140475882 2163587627
3239349096 1672993069
881872869 3623415869
1343035460 3625299182
1278519074 4132944375
332434960 1012519736
1187929548 3933455478
731672210 1759945471
758822401 3855258371
1014693252 1183450318
3940224883 709464348
1811872678 2818705595
2886147464 2785649885
3139354436 2309128559
3736519456 1116890609
1728035867 973112873
3405892463 2038593824
2395443184 3530084377
1605195822 3232058467
1639806644 2995065494
2664283890 3799286302
932693794 1357933047
1494789649 1336779579
1889842633 431985791
2927687297 2730562242
3059990118 2478080954
4237804682 133197786
135831627 2620240121
3865352462 1002434450
1216356607 2109763841
73440131 2394024133
3533319532 1592485159
1109999097 1735377935
958426641 3488654139
1880733128 2553189500
3965908615 649466568
2056470140 2331886470
3657721034 1259257722
4187128075 251577240
302146796 1057472294
1099465211 1658700297
910452511 3555637665
1545768626 3329675935
1804754656 2835333680
2902484825 2776676686
3166801778 2271400222
3375782818 2144585910
2153545107 3234235644
1634389767 858419593
3723205343 1143532096
4000132064 598075441
4105972827 394684104
818657916 1501072262
3473791179 1905544568
2599875852 3927053719
725562608 1774311192
2925679020 2746735271
3029355192 2549676685
4027386580 404068951
2889149393 2790729818
3151097034 2287609722
3704322314 1199116186
3910111467 798030120
1626935276 2970587174
2609969274 3908635786
755996634 1703997515
1022957817 3339693327
1771087248 2935602424
2718861069 3071461780
2445180663 4202922512
180668217 2590992847
3953208944 682877849
3986437359 619075360
2134626800 2177391128
3262958381 1736931812
3100184126 2373948226
3573611878 1434518842
3569585611 1466225784
3510589068 1539396311
1214471761 2092254171
127231049 2297773823
3709190656 1169450753
1821817219 670207685
4162769517 203579300
376946878 865100163
3707286213 1192074860
3918848934 787952826
1645336459 926568665
3519797583 1517834096
3415011608 2027363245
223455397 2505747901
4115309700 360366031
3037364337 2509947034
4109001194 388739626
837328747 3660439849
1264858094 4181613603
264488564 275016598
952019187 3447893277
1959175588 2540354750
4046096258 468371654
673873259 3966469417
648596974 2058187811
178591349 2596123541
3934559476 718268183
3933223345 731401882
1760359147 757538345
3858342767 1007596832
1175623152 3946771480
700585517 3999740773
599383356 1955481030
2547248235 4032571048
415660717 2909506213
2770918076 3186444935
2217048776 3464301181
1938135940 2630674638
3883347314 957474078
1337605539 1888175285
433680277 2924421365
2750542100 3021609911
2519410832 4083805689
489563150 635665939
4231332669 106268100
198495342 408385187
2899382965 2807807636
3108537079 2407384592
3506727737 1536076238
3369250419 2103354268
2235741414 3446052666
1966797258 2513050235
4101712776 378136797
3000905029 2655217004
3823451431 876463608
1447324684 3555632662
1545780018 3329657311
1804787264 2835235808
2902713393 2776907354
3167634378 2272519290
3374071434 2141602522
2159797835 3246930936
1658603533 910621717
3555329589 1546324820
3328809302 1806626642
2829197663 2914480960
2760973665 3220940082
2148056542 3223159874
1613024998 2961142331
2558598984 3989021053
610579204 2126486926
2189485267 3334553436
1784922439 733242217
3902190895 770872800
1679750192 3189904984
2205627341 3306282100
1840924311 613149425
4292356635 5008168
16165356 18001446
62825339 2223158537
3485898142 1886057698
2561283895 3987419600
615111257 4289612751
10745968 28576920
43390956 116600870
169728123 2602847369
3925800926 771887170
1661417703 898223417
3571348943 1464046704
3513054872 1530860269
1237433893 2120385405
62309637 2224188813
3489637588 1879097175
402751825 2885862235
2785437000 3138108797
2308474116 3740126607
1109685456 3883833176
956494157 3481672565
1892362516 2574905270
4010680466 563311102
1929189891 503687941
2735516045 3046616788
2498798167 4145657808
296652889 3131242703
2327186800 3667072281
1258141102 4194604195
185595828 428871830
788019699 3792457245
924250916 1370627582
3667862531 1256324612
4197581582 190776722
423726335 2942490369
2704691586 3017005766
2623294058 3871800234
980027562 1269505451
2024383657 229556143
2493677729 4155949490
278028958 973059811
3456143925 1929510740
2642542934 3838247762
1063880030 1093586243
1675785573 876057917
3595630021 1406735468
3696211622 1190171322
3927572107 724435672
1776485964 2922744822
2740246546 3042397246
2505143874 4116386790
357153850 897484363
3573730297 1434875918
3570109459 1467536956
3507311430 1536515434
3371517227 2098556392
2243241004 3432382055
2012480440 2417362060
4164095959 207458384
382007512 846138700
1604425078 3232953619
1637750204 3001234566
2654328778 3813953658
894883978 1431457243
1432351817 1430263551
1432367617 1429233411
1440268677 1414357709
1458910837 1377162133
1597267189 1104594709
1649568181 937406101
3493896949 1491187220
3442643766 1977548242
2487354463 4142337728
305762913 3209625523
2171732124 3273589223
1705083448 3165833036
2275305847 3370364688
2100601273 98022031
2354093777 3604603482
1380857802 3757265019
1075665032 3760541148
813528135 3632600809
1305326126 4101283683
379052340 854602710
1578654803 1127007965
1709664837 1010379757
3327125541 1810902140
2820171398 2888612554
2791803514 3149454218
2290960602 3721755978
1146422650 4006972683
575985048 2010600684
2421249830 4175122938
222910986 360663835
3036772777 2508394158
4106588834 393019062
824640147 3690563325
1208928772 4229069582
104827282 188800767
2573287937 4013123330
568146310 1917177547
535589497 2686885775
2960842960 2559193433
3990575950 608782706
2130673439 33620385
2265154227 3380922012
2127522535 40970809
2275142479 3370658160
2100064025 99000751
2352657057 3595214514
1408950942 3691656931
1176195636 3945357142
703545682 1847681887
594752833 4112373091
363091252 884921814
1468159059 1355273949
1500009029 1328340973
1910980645 439967869
2874093701 2842810828
2937736823 2712400784
2997361913 2662082318
3802560914 918261502
1384698371 1591566085
1111835021 1743610581
941962837 3430798293
1988385876 2463024854
4268911186 60795870
81832003 2402397413
3520767804 1514846663
1274711657 2013975471
203054241 2519451571
4083706012 489467367
2783421497 3157835342
2253226994 3421815838
2014801442 2352030583
3596350736 1405621689
1551643791 1183209425
1791742043 712530121
3951873407 685208832
1834030464 2774250688
3175651169 2239623474
3439598558 1972250690
2496883943 4150077240
289798605 3144420981
2300973972 3757784311
1074382608 3760089528
807644813 3631522517
1285011028 4159738838
270138450 942540511
3429042753 1991613410
2459232311 4277611600
34727641 2268740175
3385543664 2121889817
59706415 2228328033
3478844338 1900682398
2608539619 3909744692
798886999 3772978897
825602650 1540661195
1213718649 2094018703
123230673 2303512155
3749147592 1091640445
1673242245 881375949
3621620341 1346689940
3639560438 1294040338
4126344639 337480832
908384192 1400852576
3707852976 1166232985
1824879855 661460769
4179997171 268212764
268954406 940059131
3424415241 1982243614
2474292643 4245329076
94042007 2364150001
3609934106 1374277546
3660476587 1264818600
4180995756 265757351
2421290681 4175041166
223035090 360301151
3037620161 2509486178
4110191798 386389906
831017215 3671906561
1246187394 4226379975
137304424 476163884
649241062 2057220667
182624073 2587287935
3948032768 694115713
4014032067 560164708
1932861758 2648044483
3830717540 1054222015
3260250753 1742539458
3091569255 2364337080
3609667725 1375333844
3658359894 1259568850
4189913695 243632064
315410528 1048018096
1133578136 3841689836
1057545511 3248309753
1659202574 3057460755
2470837052 4251716039
86384232 234562476
336196774 907941819
3542298761 1576393182
3289665091 1849095140
2740067390 3042911810
2504129510 4116842554
355933258 902932219
3562715657 1456114462
3531266467 1602899636
3235639958 1632116466
3011256863 2634446624
3851129329 1020852762
1196231467 1769314793
789900847 3786875745
848426290 1593447903
1108030529 1729746659
967725621 3466846037
1924415828 2660688726
3807524178 908023134
1394693443 1576228197
1142773053 1847940549
595416173 4110767781
361583292 886398598
1465205451 1364551289
1532312463 1230358737
2136243547 22447433
2203241855 3311301888
1833145729 627373251
4248770405 96579900
207788998 381085803
2995924137 2667538350
3791730850 922996150
1367635091 1523488765
1249046533 2073958413
149105685 2637555253
3855891284 1012287831
3335782225 1784414554
2881880907 2825586040
2896792845 2813253012
3097646327 2377635600
3566227897 1475926670
3490532051 1477802588
3426028486 1985321066
2480204971 4233570216
114423981 2321157541
3687519420 1215936391
2089717961 131266943
2287865601 3703771522
1197849286 3913058923
801627048 1617447084
2964127142 2577859770
4005138314 579784922
1993496907 308268921
3217060111 2153814928
3232884985 1637494030
3001771411 2653502716
3815753479 891316616
1441836764 3558449734
1445902314 3546452011
1563883624 3318877356
1818171303 650227897
4200765839 196538064
412230232 771717068
1677791350 3187914899
2198113788 3314537479
1825592840 2807616284
3108855207 2406827192
3507842957 1538597076
3365269846 2113149778
2216044895 3459477312
1935483233 491123507
2775326173 3173393476
2247851759 3423142432
1981777777 320915739
3186720681 2216362158
3458826658 1936638646
2636277395 3858217724
1007716871 3325680393
1800292766 2842951395
2937848372 2712012631
2998602064 2659819353
3806257486 910308210
1407671583 1547257249
1179610291 1810966429
672921829 3962047805
644617668 2074489966
2293978787 3716764340
1155489431 1866547953
560162331 4080352041
500550126 609517091
4275471221 38978836
132017590 138650771
2632237053 3879698436
968933391 3462488081
1941123130 2627590219
3890498808 943650573
3426881941 1994865396
2453260822 4283333426
24349150 52223555
2242331621 3434701884
2005876295 282182633
3109708847 2404105824
3514336177 1527628954
3381948395 2130092072
2182262892 3342768295
1774382520 2925929612
2746974167 3028877392
2548007129 4030775630
417424242 758330655
3856520609 1011111090
1190057887 1780633825
729274675 3910160349
800649284 1619859694
2983570723 2589238772
3956784151 676365872
1826212696 2806937932
3111358327 2401030416
3517406137 1522092174
3398401491 2060518492
2321256134 3687371370
1216176042 4236591275
130900392 141898412
479583910 670319291
4162250377 204618462
375343683 3015801829
2623735868 3870661703
982836968 1257716268
4195470182 188381498
432771019 2927153273
2743949454 3033877970
2538959966 4048885442
458601062 693411771
4015513737 558903774
1935170115 491572197
2776070205 3172011076
2243663599 3431526944
2010980209 272998683
3102520233 2368183470
3589859234 1410152630
3591753107 1395946748
3721828102 1146286474
4007533275 574827080
2011556860 2419861510
4165364746 216770074
388545323 2985134569
2586107438 3950986082
687957302 1870872019
549831773 4050415301
455516780 704296870
1846186171 588970377
4121562847 346755648
933871584 1353613360
3651321944 1320575181
1922281845 519871253
2718427573 3070766740
2442945271 4209423888
171610937 2605383119
3917087856 789253785
3784938223 854523424
1579287408 3279357208
1695649197 1035654309
3297400765 1876676740
2689096142 2969357938
2567402398 4018740450
551528246 1900067283
459378269 2838680517
2950585452 2688796327
2967759544 2571020941
4022512340 543599191
4038765521 428517466
786083019 3796543353
939178254 1342869395
1478152445 1277843717
1986776973 329806037
3165428053 2275929940
3367510359 2106356560
2228657496 3478316365
1902001524 2604877078
3915738546 792536222
1640366051 845938741
3752198229 1085997268
3783885142 853459794
1581409631 1139260737
1681425763 1045286197
3287578069 1679201364
3191011030 2203980370
3309518814 1835384898
2772197607 3183915320
2221579213 3467307124
1923755159 514549745
2728998939 3064974376
2459989613 4272984996
43646143 2263746433
3391293634 2071305574
2299847995 3753328072
1083294845 1643802245
839623373 3742938741
1101894548 3802463478
918488850 1384221119
1589829249 1113998019
1740367461 948452285
3453765765 1950809548
2531918966 4062908050
527012606 556727811
4091675397 473367948
642878678 2077939539
139088221 2633751365
3876079980 966590247
3471245817 1916371470
2672740115 3782371772
857714311 3718292169
1152497278 4019884931
552271044 1898579822
2615871779 3895042036
745463831 3869388849
985094234 1251036363
2063300473 168366351
2602548113 3919612154
783408394 1654277531
921431273 3525846831
1600944608 3240529456
1677382489 873094479
3592144241 1395158298
3723273643 1143454888
4000876460 596494503
4107566521 391545998
827510739 3680399453
1229166788 4284804462
20915490 63045111
2221016081 3468103226
1922143050 2667249019
3792307464 924519837
3517551845 1521415996
3399619014 2058828394
2324810667 3673847976
1242271149 2065224869
162355133 2661634181
3804060108 914706039
3536679825 1584733434
3281364747 1693759896
3205992172 2175848999
3264831352 1726955789
975266709 3413325045
2031998740 2409910710
3502168722 1501711102
3469212163 1919421188
2678856078 3768987346
834363998 1518942147
1256181861 2051037373
199282053 2553377997
3965392756 650752279
4202601393 193128602
415641067 2909496361
2770943598 3186607010
2216715446 3463495570
1939439870 2632892675
3877790596 972534991
3457193841 1933177114
2647530411 3832752296
1050537389 3269731493
1715371964 3141763206
2305081802 3745473146
1103181706 3798192347
934566216 1352060796
3656544518 1310694282
4079020251 502345032
605807996 2116566278
2204910987 3307662552
1845110605 604731765
4263055125 53449140
98630294 204540659
2522585629 4090030884
477964799 2793795073
3133940482 2323019142
3683882186 1224537978
4245098763 92912536
215910636 390257958
828786171 3678137353
1237853726 4269570851
59148788 80403990
259670835 2433476061
4221058116 149702383
2636573217 3858377586
1007380766 1176055715
1798299829 702558613
3996146421 593021460
1968012086 2507475411
4111834716 364176327
3029808233 2549208750
4028256930 405528246
745030291 3870091005
984037892 1253690126
4203641235 181636860
442290694 734486283
3899212185 749691630
1738618403 951309173
3449576725 1961280948
2537188502 4056655858
444119070 730696739
3906262645 760697748
1699831030 3176875795
2236180924 3447664263
1963057864 2508338812
4106703751 392781000
825182076 1541499142
3358797707 2086527192
2261004620 3396230007
2074331408 2293530552
3717628045 1156760020
4011745878 564377554
1924436063 513276097
2733641059 3055031604
2469148119 4259730512
71030489 2387104335
3556564976 1543979033
1175019567 1797206113
698472627 4004662685
580908260 1994397502
2452632003 4283980388
21810111 2205644929
3306229186 1841009766
2760439483 3218936456
2152054493 3236725316
1629997039 871917601
3691818099 1175955100
3945839334 702122554
1850661707 603081081
4095737615 371196304
862978808 1561855500
3316386582 1822824882
2814062239 3096044256
2380150321 3561182042
1457872202 3527230843
1598385416 3245155740
1663433959 905709369
3557165519 1443569264
3541672856 1571730669
1151506213 1874260477
546445829 4060031757
436332948 721563382
1770480147 784938813
3800027589 931158636
1354812326 3647043771
1328745864 4057830620
440727367 2884571497
2820782894 2893187554
2795429430 3135390546
2318919006 3679468866
1230521702 4283231547
24585672 51510396
96077446 210438859
2547620473 4031703950
418523346 757034335
3852543297 1018428770
1201407287 1759907281
758846555 3855201993
1014927998 1182990211
1791361221 711655789
3953754917 682542588
1839361030 2763499019
3213933336 2163837357
3238977188 1670529727
889185921 3607116483
1367362148 3670080446
1247873154 4222852551
144499816 501694124
607765158 2119067323
66304649 2216463071
3458718272 1937263585
487389235 2778139741
3169949380 2266690159
3383369632 2125144241
44691867 2259557097
3399690798 2058742626
2324965687 3673583568
1242800217 2067574991
164075889 2657677083
3819774376 883290797
3619430053 1350967996
3653990022 1316557514
4086283899 483427208
660194524 2035183430
2406719851 3508319016
1537711597 1220076581
2106408573 81118085
2404672717 3512123252
1532133655 1230947249
2135057563 23576553
2201518127 3318595680
1819566257 647410075
4210203369 169798190
455224163 2851563829
2920361940 2738610263
3049795792 2491177305
4136030030 315257202
1048288031 3280529825
1692217010 3209028255
2171352800 3274068529
1711005530 3154657611
2250040184 3408344333
2046416276 2383303926
3541292818 1572622782
3297172099 1875528388
2692479598 2961705890
2581338294 3997576594
602629374 1948860163
376422789 3013632717
2628826740 3885601687
955186416 1294075672
4126607788 336699047
3057312441 2471114382
4252717778 84500062
228541379 2497799269
4147330748 299745927
3125044937 2347678334
3626142594 1282857158
4136783211 318764328
1040193004 1124086822
3850393211 1019270024
1197563100 3912451910
803039594 1615146795
820896233 3643028015
1342070624 4026777904
402940889 2886644815
2786236144 3141464601
2311200558 3731300834
1136259638 3834519379
1070801244 1079898950
3770948971 829302056
1529052652 3388277798
2115341946 2201277323
3319225560 1817265997
651913589 4199100181
201318836 402666134
738221811 3858809373
989947684 1233336830
4274376195 40661764
128359822 146466003
2643083101 3839574340
1061774191 3246339361
1661064690 3045217311
2496124448 4150809457
288152858 1005012395
3359206569 2085562286
2264004771 3390705076
2066420887 166311921
2653851675 3814914088
892734573 3587380901
1415426748 3603209862
1383064266 3751818875
1085297544 3784891612
854411079 3726993769
1132277550 3842367971
1032598068 1154899798
4015243603 559702876
1934013766 2641007979
3844797736 1038751213
3291165733 1852429948
2746110854 3030637770
2545174394 4036421898
435302298 773808363
3810603305 905173998
1411139619 1445395573
1400506005 1561004789
1167694357 1827597109
656550357 4193742421
236004308 322696278
1036523219 3296473693
1854300100 2731262062
3061342370 2475471286
4241988242 122743550
156838403 2672814853
3782224268 857239255
3719078481 1151842266
4021850187 546175224
1909722380 2589332886
3956487410 677238558
1824805283 661576373
4179774101 267909876
269486614 943201075
3427543517 1995861572
2450760686 4282168354
29857398 40432531
2276269309 3366299396
2109520271 75992785
2412302939 3497877448
1485127805 1305305221
1953837517 378919541
3002354581 2652305652
3811708183 903812528
1413592216 3605174252
1379332135 1599215737
1096756367 1665263569
895629403 3577171145
1439790974 3562737923
1456061316 3531507918
1602411890 3234219295
1634463136 3005752496
2649522073 3827728622
1048232226 1133143031
1692120081 1061721659
3246256969 1661214078
3045991683 2496888196
4150068431 289771376
996987160 1227316140
4294527142 1015226
1115275 2151387097
3225997390 1627216114
2969914655 2609739168
3906278577 760592282
1700040939 1029175593
3310358511 1834487840
2773235824 3178646681
2232678382 3451654178
1954953334 2546683027
4034492412 412028935
2916202505 2757397534
3200964130 2189054838
3347832082 1759004094
2907499651 2776049604
3172071535 2243562656
3431667633 2010755226
2421070315 4176670248
220078957 2510517541
4105508348 395686919
2968819209 2568483614
4021296546 546841782
1911324563 438731005
2876948741 2836030348
2946217175 2699597648
2972578137 2615417678
3896387954 742616862
1726292387 977138357
3410239125 2037261044
2401465878 3522499378
1511374302 3409216579
2044186340 2387636798
3554189122 1548607846
3337892667 1779850696
2872296572 2849795719
2923864776 2750068349
3022689156 2523593935
4088006512 480971033
2812911535 3098468512
2376217009 3568786074
1469139690 3506141739
1493764968 3483343148
1893789671 422649913
2950426703 2689079536
2969316633 2567333294
4018912418 551061430
1900923027 460619261
2836825093 2947730956
2694738711 2984484272
2587157657 3948363758
693223458 1868193911
558608529 4084767227
487452168 630465308
2096526758 2266207419
3384604552 2122780893
46774597 2256441197
3414348068 2026265599
225167361 2502458371
4125918724 338152207
3061348753 2475462394
4242002442 122707738
156811691 2672648873
3782555310 857068194
1572101815 1150730897
1878157051 538950153
4028664607 410114464
748310192 1743516312
3089637100 2355896871
3601233784 1388024077
1586035605 1121782005
1715838229 1005381045
3358014613 2088355828
2257479702 3402869810
2052892254 2345122755
3630729316 1286462655
2007254913 280946883
3112316261 2395432252
3530112455 1605354600
3231739564 1638965927
848934585 3740177039
1109589712 3883270744
957548493 3485304949
1887755412 2580498422
4000409618 597371966
1961485891 388905957
2984462397 2587196484
3948218095 693471776
1867832176 2706852120
3008462765 2639986852
3846799807 1031717504
1157785280 3985095264
617122737 4286437531
17059304 59700268
80877158 257897403
2437012617 4217522142
154658882 533736679
2690148153 2966206926
2574749298 4010857374
565796066 1921992503
517040593 2723884635
3083461576 2424190077
4169356932 231035599
2490195569 4138025882
314402026 1048919851
3268264425 1718903342
3147216739 2297598260
3709795287 1168246864
3971423448 663856973
4177181045 218795796
362467766 887773843
3609971453 1374190084
3660352270 1265097106
4181217023 265089536
276242176 949068160
1308275392 4094336608
370860977 3005887643
2649446376 3827912749
1047484516 1134644414
3836966787 1067258052
1088797038 3778842403
868733428 1550342678
3333212979 1789360604
2864254534 2861536234
2865822762 2857961066
2882505642 2825967786
2895728042 2817488042
3089176490 2356392106
3600587178 1390931626
3728220843 1129084584
3849753260 1024655015
3317564089 1820526222
2814741203 3094141532
2359774151 3619256424
1351552173 1506908069
1314582717 1942624645
477834957 2794054261
3135125396 2319667447
3689240848 1211977657
2084925583 116201937
2317725275 3682378696
1225241725 2139657861
14545613 2168725109
3278775188 1696822519
1039472401 3289756091
1848941192 2740447964
3041929799 2505599976
4115441709 360164452
890283710 1438235267
1418627781 1473436269
1348357029 1489238205
1298402693 1967002829
365115253 3026571541
2528926644 4068919447
516586992 578520088
2005454380 2430432102
4182056250 258844106
287620219 3154085513
2281753310 3691084354
1174604774 3943012411
697101384 1859593980
2723281414 3084520202
2420840858 4177112810
219062826 361936747
3036582185 2533555182
4052092962 449518710
712615571 3951999741
684886532 1834933006
2772584851 3177709308
2235040263 3452700424
1953892765 378740453
3002966589 2651109188
3809448303 898693920
1425607152 3608124952
1368449837 1526281701
1242551357 2064668229
163107821 2660064293
3805628028 911567751
3553962185 1549135230
3335791875 1784053124
2882766030 2824654706
2898751774 2808683426
3106908342 2413866386
3492914430 1482342146
3435823495 2004533960
2433377916 4221287303
149457096 489545084
635716870 2084498827
104998105 2347204431
3627614576 1280279321
1995490735 303656097
3207538611 2179070108
3258060263 1734284344
3108091468 2405602295
3510041616 1540490809
1214188367 2093062513
123924251 2302026153
3755176622 1079844514
3771048631 829208208
1529320184 3388538380
2114781975 51742129
2243218587 3432478696
2012287021 270252133
3089665213 2356008836
3601092815 1388239216
3733081880 1120399789
1718098597 1001138877
3366349445 2109450956
2223549046 3487411090
1883547902 2565844227
3978339716 636599503
4229597041 103467290
191528875 2569765033
4025008558 539845282
1885681335 415093393
2911133435 2765013512
3211945757 2166340004
3282079423 1689375360
3214565056 2162934369
3240650674 1676458142
3022491107 2524501044
4086126167 483742672
659905624 2035631820
2404739702 3512019858
1532356862 3377736963
2136368516 2169748686
3277621106 1699203358
3177742243 2234286260
3454517655 1949852400
2521609752 4093088557
470875620 641270846
2068811331 158389221
2669239357 3786360388
849439727 3736283169
1117645938 3873711775
977173216 1262717488
4184136536 255805773
2445377397 4200792340
196445111 2559886481
3992416250 605102090
2117857307 55056425
2239507567 3439748768
1972091569 349735579
3075332841 2440317486
4212587362 162662710
513744851 2732695645
3056775364 2472450415
4249022240 90579441
2369483291 3586727720
1417650669 1451274789
1388420989 1583538437
1136014221 1687379157
1073563477 3221580117
1611476820 2954223958
2553557842 3965082974
651412802 2052877671
197567801 2557132239
3970598000 665505433
4171920111 229350944
346612592 934098200
1353045420 3652998310
1317459898 4073345163
511433176 596135500
1960637430 2538019859
4050232892 456047431
2850195817 2922831662
2740077026 3042959926
2504013650 4116730206
355523394 903432551
3561979705 1458635214
3525018227 1596508060
3253561574 1646603578
3078481355 2432973944
4220405389 148105940
492579414 625372115
4251691101 86551748
233678702 337951011
3061813237 2474692628
4240529463 123948112
154498776 534057548
542490614 1892974611
425181245 2941280325
2706944236 3008207143
2641686520 3843497997
1035071508 1150949430
4025166931 539616988
1886272070 2560838635
3988092968 613747821
4294284965 1372860
3612294 5350091
2161817209 3242890126
1669004498 3037333343
2509965632 4108951393
388948274 836907999
3661061185 1263617762
4183517751 256453456
293595480 989867852
1233150326 4274041619
39951804 129164422
144588747 2648916089
3828703374 1045770706
1138088543 1683246017
1054275683 3260157109
1742673812 3091312886
2363660562 3610701758
1372725378 3663688135
1270946408 4167281580
213166247 2543300025
4042302606 421117906
799965279 3768762561
834036066 1519629111
1258069457 2047337563
185089737 2577154687
4008109952 574240961
4148907363 293172532
990844374 1234285651
2130351837 34271813
2266636269 3383435300
2125066367 44963969
2258841027 3400918116
2056535743 183911041
2584995523 3946592868
700861375 4000053377
598216130 1957434471
396768953 2965066383
2575916752 4007608921
574711758 2011379827
271961245 3092543461
2362871868 3612538951
1365118184 3678607148
1231401447 2134678073
29879119 2187864433
3349966618 1755750826
2914693803 2760548008
3218793133 2152347300
3237696191 1628003968
3013558976 2632017505
3878894514 970836126
1313111523 1945011253
472043093 2792780757
3147013204 2298275543
3708238416 1166658521
1826519119 658738417
4184135451 255807912
297884332 979585702
1270184635 2023033481
234199775 2484398657
4130810850 324134966
1029319763 3310053085
1836661316 2769275886
3180361762 2230881398
3473790610 1905545982
2599869955 3927065348
725607823 3921689809
778061658 1672538443
882454393 3622822159
1344287632 3631242488
1285080845 2012047765
270872309 3095257621
2357475124 3620622807
1349769808 3634121688
1306982477 1949961461
374019861 3019485621
2618202772 3859999479
993929744 1237543736
4268042700 62778999
2223252369 3486414074
1886623498 2560422299
3991345896 607758893
4266568549 66234684
69119942 237150315
2474029225 4245854638
96399010 209855159
2546431633 4033417978
414170634 765494043
3836855721 1067084974
1089185699 1630058677
871206293 3693401333
1182750484 3951120822
683891346 1835354879
624785921 4257549059
74291588 245690062
314516083 3196188573
2193756388 3328653631
1807339456 2827907168
2916325553 2757553562
3200722154 2187984682
3350069738 1755513386
2914355051 2761214248
3220668397 2148597796
3225124991 1615380608
2969395648 2567254625
4019052466 550781086
1901519331 458371637
2841599829 2940289364
2707645271 3006608720
2648036697 3830732110
1054266738 1112691999
1742722465 943740083
3437287325 1999720676
2447071550 4199108546
201289830 402725051
2885922185 2785322206
3138371394 2307948902
3740910394 1108239818
3876830331 968656520
1317522140 4073224774
511478762 596105259
4106767465 394065582
822547107 3683237557
1222541972 4249011958
90597906 222014271
2512955841 4101877346
377791414 852472979
3731920893 1134161924
3840808974 1059269650
1106634303 1645493057
926304611 3520331573
1515979220 3418751574
2020280274 2359920735
3618561216 1352812385
1505225011 1318072285
1928880197 504148205
2736232741 3048271868
2493063175 4159696904
270538781 3094359077
2358797948 3622615943
1344768200 3631799676
1284326663 2010475913
274015455 3101032257
2371092834 3579183926
