2026568477 3640864948
2986762600 4293973362
4292979428 188012877
376025755 1281525766
2563051533 2318964443
342961591 4065981356
3836995416 1964902569
3929805139 4208089406
4121211517 1046099204
2092198408 3072188481
1849409666 2874861289
1454755283 3383922938
2472878580 365368509
730737019 2280679932
266392569 2513349284
731731272 1794783233
3589566466 2515490411
736013526 2592060739
889154183 2687683017
1080398738 414573455
829146911 713702851
1427405702 4164225988
4033484680 4200495060
4106022824 195723329
391446659 3444671818
2594376341 208915980
417831960 3170985682
2047004069 2766559413
1238151530 609609554
1219219108 2018689795
4037379591 1351259850
2702519700 3345043293
2395119290 2113143920
4226287840 1055732618
2111465237 2948315597
1601663898 1410468183
2820936366 3846585930
3398204565 2412444005
529920715 4095087834
3895208373 637202703
1274405407 3970604141
3646240987 4258405156
4221843016 3125069823
1955172350 2237290481
179613667 1376014986
2752029973 1764524400
3529048800 2090794230
4181588461 3720794469
3146621643 4183432770
4071898245 426151290
852302581 3084754804
1874542313 2505978998
716990700 2918148233
1541329171 2272398687
249830079 3080635194
1866303093 681636435
1363272870 144033005
288066010 3034254169
1773541042 2693530724
1092094153 549591819
1099183639 2192354555
89741814 800863971
1601727943 500145577
1000291155 698574031
1397148062 1955751823
3911503647 4024361062
3753754828 3682555787
3070144278 2906801017
1518634739 752246917
1504493834 2807893956
1320820616 3437727078
2580486860 2112376929
4224753858 2294129948
293292601 4144362766
3993758236 137113783
274227566 2383446453
471925610 2922219904
1549472513 982247356
1964494713 1392815803
2785631606 792709198
1585418396 629134589
1258269178 3735022078
3175076860 634841943
1269683886 1301435861
2602871723 85183694
170367388 2894426143
1493884990 2666120577
1037273859 2293893177
292819058 811498291
1622996582 639908585
1279817170 1416948504
2833897008 344593740
689187481 1724751766
3449503533 4225273551
4155579807 3727538318
3160109340 2383888846
472810397 795326603
1590653207 2956128268
1617289241 3625755445
2956543594 3058926834
1822886372 1967079518
3934159036 4175018619
4055069942 2693055364
1091143433 1942603905
3885207810 4009657370
3724347444 4110412473
3925857650 2687761803
1080556310 669395174
1338790349 78188952
156377904 284706415
569412831 1386678775
2773357551 230720937
461441875 2103119697
4206239395 2235417000
175866704 3200384475
2105801655 420783554
841567108 1156963581
2313927162 602310027
1204620055 2378650018
462332741 4089767352
3884567408 4135974678
3976982060 137116241
274232483 982318169
1964636339 840552957
1681105914 2438318339
581669382 592401196
1184802393 3518338292
2741709289 1905690023
3811380046 4152983070
4010998844 4026849116
3758730936 3609950334
2924933372 145945366
291890733 893106945
1786213890 2708794659
1122622023 735864047
1471728095 2331205839
367444383 1972738162
3945476325 2355532332
416097368 3999708129
3704448963 2004141081
4008282162 4266087956
4237208617 3097975988
1900984680 34867415
69734830 4246235173
4197503050 4112093589
3929219883 3501074565
2707181835 2444317078
593666860 3901918080
3508868865 1953046440
3906092881 2997055059
1699142823 3672745448
3050523601 744030674
1488061348 1376428020
2752856040 3664515938
3034064580 1252400731
2504801462 100324178
200648356 3601914340
2908861385 2446547696
598128097 1576983522
3153967045 4110343920
3925720545 3080861969
1866756643 4123342650
3951718005 1882914183
3765828367 93461781
186923562 3658485818
3022004341 3935913678
3576860061 3262478981
2229990667 3429222225
2563477154 3685158000
3075348705 798722663
1597445327 1674727526
3349455053 1112572434
2225144869 991928818
1983857637 3893222402
3491477508 4021868342
3748769389 2255317465
215667634 1426712899
2853425798 1684486624
3368973248 3175321050
2055674805 1491411417
2982822835 3286611729
2278256163 1338483888
2676967777 1872342051
3744684102 3893513864
3492060433 2341799269
388631243 3759173434
3223379573 926694084
1853388169 1066712897
2133425795 636633263
1273266526 434391388
868782777 2812955224
1330943152 3065119840
1835272385 365294035
730588070 3460061363
2625155431 438607368
877214736 2312245332
329523368 2828798858
1362630420 1127697935
2255395871 176146946
352293893 3094523093
1894078890 504227497
1008454995 629705550
1259411100 130165506
260331013 2148144442
1321589 3455776543
2616585790 1619689161
3239378323 4020254231
3745541166 1073683778
2147367556 4055167957
3815368618 1642890505
3285781010 1296973689
2593947378 1881106284
3762212568 2127132502
4254265004 589734416
1179468832 1547960234
3095920468 2832130269
1369293242 3053055002
1811142708 3602890972
2910814648 1668252365
3336504731 2643906071
992844846 2616999704
939032113 3554711919
2814456542 2825470615
1355973934 1977683867
3955367735 1865268433
3730536867 3672097550
3049227804 2552646487
810325679 798986137
1597972274 3501318793
2707670291 304327100
608654201 3537182571
2779397846 3546712242
2798457189 962278715
1924557430 4098120644
3901273992 3298961797
2302956299 3497308610
2699649925 2671837530
1048707765 4226096169
4157225042 1786011350
3572022700 1623036563
3246073127 3623373213
2951779131 2376440883
457914471 1141708976
2283417953 1241481995
2482963991 1475511250
2951022500 3689441248
3083915201 3561652395
2828337495 1749665740
3499331481 4095282166
3895597036 1398382062
2796764125 1087421060
2174842120 774721936
1549443872 1719643272
3439286544 433926312
867852625 1883523397
3767046795 995986059
1991972119 4044689496
3794411696 2895726397
1496485498 4076243370
3857519445 2426328336
557689377 184263861
368527723 505603574
1011207149 797476268
1594952537 3977234390
3659501485 3717696826
3140426357 4072706901
3850446506 1870901101
3741802202 1422228939
2844457878 2679823988
1064680681 390746173
781492347 2415157699
535348103 3859067023
3423166750 354766367
709532735 3906148338
3517329380 1170098272
2340196544 303105552
606211104 2763221357
1231475419 2230121294
165275293 213204116
426408232 3103942317
1912917338 1311004413
2622008826 12433531
24867063 2200982848
106998400 254399688
508799377 1796994747
3593989494 4167523977
4040080659 2456464982
617962669 1115980526
2231961053 315586040
631172080 157108967
314217935 3590418587
2885869878 1819334123
3638668247 3215492547
2136017799 442957472
885914945 2159347174
23727052 278108406
556216813 404241475
808482950 219000973
438001946 4116622912
3938278528 3207942768
2120918241 3269721683
2244476071 1975752042
3951504085 2324964457
354961619 1722573008
3445146017 3151952822
2008938349 2505051539
715135782 3437075461
2579183627 4220275569
4145583843 3389956769
2484946242 1816395252
3632790504 327626386
655252773 973119141
1946238283 451246939
902493878 55378820
110757640 1880126410
3760252820 1814126371
3628252742 3853888400
3412809505 3027456466
1759945637 2322243574
349519852 3377350772
2459734249 202656475
405312950 1260596038
2521192076 936374631
1872749263 476962528
953925056 964664741
1929329483 346953519
693907038 3771258993
3247550691 3123906966
1952846636 1713342195
3426684391 2574526817
854086339 3283360538
2271753780 1711619460
3423238920 2611226371
927485446 12324976
24649952 2884973451
1474979606 29291842
58583684 947334359
1894668718 558452889
1116905778 3871541986
3448116676 2325144808
355322321 707551858
1415103717 3111696284
1928425273 217416605
434833210 159643771
319287543 2899399338
1503831381 2718668365
1142369434 1817405520
3634811041 2551920236
808873177 139381788
278763576 1380416608
2760833216 1595527469
3191054939 218864420
437728841 2985800047
1676632798 1477282304
2954564608 766909158
1533818317 626218286
1252436572 1466432046
2932864092 4084161643
3873355990 2109837555
4219675111 3952690453
3610413611 3003920580
1712873864 2350863758
406760220 2207266953
119566611 447980324
895960649 4255725526
4216483757 2337041774
379116252 3411883687
2528800079 2411440417
527913538 760499843
1520999687 1191428611
2382857223 2622651373
950335451 1351148762
2702297524 1037632619
2075265239 3207436905
2119906515 2315070553
335173810 1736036863
3472073727 506053523
1012107047 1319790945
2639581890 2070473945
4140947891 1732153350
3464306701 119581069
239162138 3576694737
2858422178 2706586393
1118205491 1089623217
2179246435 326965789
653931578 1866884133
3733768267 205437269
410874539 1364130892
2728261785 645025600
1290051201 299576543
599153086 1486456718
2972913437 901128813
1802257626 1933398754
3866797509 1800975726
3601951453 2548598644
802229993 1008877635
2017755270 2977074557
1659181819 958061619
1916123238 139001258
278002516 3123950590
1952933884 3362135190
2429303084 3286934697
2278902098 3178979030
2062990765 3687109760
3079252225 2281458118
267948941 4268731795
4242496294 319877083
639754166 796878185
1593756370 2055161797
4110323595 460852274
921704548 3862570310
3430173325 41638132
83276264 3694003793
3093040290 2384132374
473297452 2398202749
501438203 4134122763
3973278230 1048690208
2097380417 1062292515
2124585030 3961838850
3628710404 4195110436
4095253576 2738229097
1181490899 3792719864
3290472433 49540256
99080513 4244337823
4193708350 2560142162
825317029 534229214
1068458428 568462400
1136924801 164577805
329155610 3817894926
3340822556 1261883973
2523767947 3792950490
3290933685 1854593899
3709187799 3055116925
1815266555 572591332
1145182664 2385139797
475312298 4258397092
4221826888 3125300277
1955633258 1198019620
2396039241 3286110400
2277253504 1600386706
3200773413 1430185284
2860370569 3484930450
2674893604 2751916691
1208866086 903064010
1806128020 746887879
1493775758 2567256914
839546533 407985657
815971314 1743699845
3487399690 3508152530
2721337765 1634951006
3269902012 3092191603
1889415910 202376428
404752856 4023750116
3752532937 1112145076
2224290153 700264552
1400529104 715388087
1430776174 797809140
1595618280 1286711338
2573422676 4278570997
4262174699 2736490245
1178013195 844526630
1689053260 3825318910
3355670524 4206118794
4117270292 1321601054
2643202109 2236811356
178655416 1748019368
3496038737 3625391539
2955815783 1372223075
2744446151 2278260901
261554506 2016552878
4033105756 1802078704
3604157408 2000984603
4001969207 1739187562
3478375125 3575529506
2856091717 3720656539
3146345782 1244133296
2488266593 2092629761
4185259522 3755751967
3216536638 1047400368
2094800737 3331068455
2367169615 3053785704
1812604113 3940416352
3585865409 749755109
1499510218 4120547527
3946127759 400729513
801459027 164454787
328909575 4185782220
4076597144 53556386
107112772 1666797862
3333595724 3868706131
3442444967 3369798776
2444630257 2286817785
278668275 2500311149
705655003 2125744801
4251489603 538199027
1076398055 3587903964
2880840632 1834368200
3668736401 2594970743
894974190 3538408494
2781849693 1207148134
2414296269 4267480864
4239994432 3383530274
2472093253 3020449002
1745930708 2037225673
4074451347 2533700093
772432891 2392210535
489453774 1769151725
3538303450 1214522266
2429044533 3864076427
3433185558 1788671299
3577342598 2875191005
1455414714 3101393608
1907819920 702741450
1405482900 1206090387
2412180775 1707051316
3414102633 2581433121
867898946 1741837412
3483674824 3463473777
2631980259 605974736
1211949473 3761529509
3228091722 2606564852
918162409 20833099
41666198 2332959114
370950932 3884672107
3474376918 1064448349
2128896699 1609932743
3219865486 956327844
1912655689 1505405832
3010811664 3621944353
2948921410 32619492
65238984 734855662
1469711325 3324666477
2354365659 1981486679
3962973358 1180781973
2361563946 2246131475
197295654 2588651040
882334784 644037976
1288075953 375505287
751010575 3785934332
3276901369 1912165722
3824331444 2427308823
559650350 2705203379
1115439463 3491692785
2688418275 1154642550
2309285101 194364503
388729006 3499125379
2703283462 1992727483
3985454966 2502908869
710850442 1980479661
3960959323 2347627036
400286777 4191590778
4088214260 3916497705
3538028114 918683783
1837367567 1245321304
2490642609 3534529063
2774090831 4149504814
4004042333 4232756285
4170545274 4138799647
3982631998 3105344085
1915720874 447366561
894733123 3488884665
2682802034 2029906105
4059812211 959166186
1918332373 3851822798
3408678301 4073191077
3851414858 3322514584
2350061873 3976897694
3658828092 2258307832
221648369 4025485753
3756004210 3514395468
2733823640 2161356566
27745836 3102048537
1909129779 961858979
1923717958 4087166313
3879365331 3889183692
3483400088 1610668835
3221337670 3662523280
3030079265 2055947488
4111894976 3743830744
3192694192 808763780
1617527560 2199846890
104726484 2660903193
1026839091 2398227168
501487041 3282769099
2270570903 1981802783
3963605567 493505284
987010568 296064116
592128232 2225382067
155796839 1797282822
3594565645 940837509
1881675018 3847854339
3400741382 2553857868
812748440 4253902932
4212838568 316875593
633751187 1251369080
2502738160 637225024
1274450049 478659064
957318128 1038696146
2077392292 30757000
61514000 4221953940
4148940585 2878194252
1461421208 222968694
445937389 1967573285
3935146571 2013873126
4027746253 816677394
1633354789 2630842062
966716829 1924993306
3849986613 947630502
1895261004 3295448625
2295929954 2731493693
1168020090 3324084629
2353201963 586506560
1173013121 106247736
212495473 3962593746
3630220197 2797081559
1299195823 3855557806
3416148317 2697815253
1100663210 1657371383
3314742767 4049068868
3803170440 3565546378
2836125460 3529669675
2764372055 2002923532
4005847064 916058047
1832116094 3113684761
1932402227 1035875766
2071751532 759627549
1519255098 2802517892
1310068489 1807438227
3614876455 4065708238
3836449181 3205563433
2116159570 796480420
1592960841 324579695
649159391 1602114816
3204229632 921934773
1843869547 3691485692
3088004089 3028576127
1762184958 3009560677
1724154059 876479652
1752959305 1667837847
3335675695 2771907265
1248847234 4118958709
3942950123 2170075014
45182732 1167718367
2335436734 1260081330
2520162660 3760501866
3226036436 1797264616
3594529232 1909495217
3818990435 3955806253
3616645210 1082152026
2164304052 1765388124
3530776249 172580301
345160603 1220071869
2440143739 3147652756
2000338217 4168798357
4042629419 3946905528
3598843760 2325358612
355749929 7648888
15297776 1433508400
2867016801 434642773
869285547 373609316
747218632 1739102460
3478204920 3357010427
2419053558 1578949573
3157899147 2787946298
1280925301 2071243778
4142487557 325161252
650322505 3509204336
2723441377 234512380
469024760 324491916
648983832 3656663907
3018360518 186844702
373689405 3309519678
2324072061 4051161015
3807354735 2821092982
1347218668 1797878382
3595756765 2520801180
746635065 2503151638
711335980 4279052125
4263136954 2869805461
1444643627 3804980237
3314993179 2596528236
898089177 23046897
46093794 3781266826
3267566356 1007504194
2015008388 4251113060
4207258825 509125349
1018250698 19892358
39784717 3798536291
3302105286 3506631544
2718295793 4028889908
3762812520 2044950959
4089901918 554286139
1108572278 2347203795
399440295 165580839
331161678 1928320296
3856640593 2947703174
1600439052 3669496519
3044025743 2387728803
480490311 2994190667
1693414039 3736358746
3177750197 2928863566
1562759837 2218952712
142938129 1333010307
2666020615 3078698434
1862429573 2081372993
4162745987 2077232769
4154465538 3303196128
2311424961 2955090719
1615214142 4150697018
4006426741 2023867707
4047735414 2701214596
1107461897 1949425075
3898850150 1643931167
3287862335 1343543130
2687086260 1058287119
2116574239 2616588928
938210561 3559300022
2823632749 1547907017
3095814035 779398917
1558797834 2948765398
1602563501 2279782994
264598693 2048001090
4096002180 2978910931
1662854567 3584852057
2874736818 1590027313
3180054627 1923028846
3846057693 4024784803
3754602311 1338309142
2676618285 2102370791
4204741583 1830133181
3660266363 4619471
9238942 4050091982
3805216669 2956009166
1617051037 3880153787
3465340279 1615512895
3231025790 2725774721
1156582147 1212278893
2424557786 3830274170
3365581044 2239217546
183467796 3553070080
2811172865 2912352278
1529737260 707529427
1415058854 9888784
19777568 4166850580
4038733865 2809739519
1324511742 3947650408
3600333521 3595614269
2896261242 2141800151
4283600302 1796804297
3593608595 3370979584
2446991873 3697548004
3100128713 2996397478
1697827661 1098955772
2197911544 2125373502
4250747004 2361306132
427644969 526487919
1052975839 1627054906
3254109812 2449874807
604782318 4205623386
4116279477 306995060
613990120 2281780946
268594597 1237338315
2474676630 4051188870
3807410444 3947431250
3599895205 3185513431
2076059567 2505455222
715943148 2915370587
1535773879 1109374396
2218748793 3590174459
2885381622 867407692
1734815385 3580613049
2866258802 235487108
470974216 1263289861
2526579722 1171980982
2343961964 2830335567
1365703839 3620660958
2946354621 4271526418
4248085540 1552087115
3104174230 3029722222
1764477148 84637533
169275067 2211537566
128107836 1247868166
2495736333 2509810881
724654466 182816119
365632239 555026824
1110053648 1371571253
2743142507 1017232294
2034464588 3537885279
2780803263 2721897616
1148827937 4282280995
4269594695 411609396
823218793 224107358
448214716 2099909633
4199819266 3630253589
2965539883 1117930737
2235861474 3198615979
2102264663 2976097994
1657228693 2645107904
995248512 1827812214
3655624429 2294834681
294702067 2545937573
796907850 759184713
1518369427 2236370768
177774240 3953183964
3611400632 2756225551
1217483806 1307706749
2615413498 215428122
430856245 2719327381
1143687467 3449610258
2604253220 2920489477
1546011659 140830840
281661680 2134911968
4269823936 3431588616
2568209937 904071107
1808142214 2645241461
995515627 1359520437
2719040875 1065225628
2130451256 3037188635
1779409974 2567672848
840378401 657506904
1315013809 304500481
609000962 309309908
618619817 2109928567
4219857135 2503712792
712458289 3854739001
3414510706 4050767790
3806568285 3814358164
3333749033 3592123510
2889279724 4032473076
3769978857 3727140860
3159314425 3199478812
2103990329 366663808
733327616 1194647636
2389295273 1802882668
3605765336 241721236
483442472 2952869263
1610771230 225868859
451737718 482161404
964322808 1134248043
2268496087 633469807
1266939615 3209694749
2124422203 1599495025
3198990050 3546815308
2798663320 2316998570
339029845 400735887
801471775 454424614
908849228 1676032685
3352065371 3426716156
2558465017 3768293504
3241619713 1579296532
3158593064 3063521775
1832076254 1126506081
2253012162 1139112120
2278224241 2906058581
1517149866 1543279260
3086558520 1479057043
2958114087 36140141
72280282 2524286790
753606285 2908829223
1522691151 1784800681
3569601363 2667881575
1040795854 973983388
1947966776 2765826574
1236685852 59021042
118042085 1038612070
2077224141 1889141930
3778283860 1032063158
2064126316 765172924
1530345849 494847269
989694539 2819194033
1343420770 1724095655
3448191310 3098655069
1902342842 3769542828
3244118360 677148165
1354296330 2968115807
1641264319 1391739087
2783478174 4265993949
4237020602 2939944037
1584920779 1586125557
3172251114 2870390894
1445814492 1676187401
3352374802 1203913173
2407826347 619265602
1238531204 2156294176
17621056 1369053775
2738107550 4032701650
3770436005 3437810836
2580654377 1297747248
2595494497 1741294183
3482588367 462700569
925401138 956041954
1912083909 507132239
1014264478 2448488823
602010350 4134401235
3973835175 2671485443
1048003590 391023662
782047324 2697596744
1100226192 1461533833
2923067666 2897458709
1499950123 4198743619
4102519943 1514378559
3028757118 2146617435
4293234870 3922502187
3550037079 2914243860
1533520425 3012013625
1729059954 3899868047
3504768798 559786401
1119572803 336459630
672919261 134635421
269270842 531999231
1063998463 2583551033
872134770 1620055521
3240111042 3890907700
3486848104 873968757
1747937514 1939038750
3878077501 1124473476
2248946952 574931133
1149862267 1659128065
3318256130 3219894741
2144822186 104305308
208610616 1711825867
3423651734 1807051496
3614102992 1932786825
3865573650 277812509
555625018 1670474070
3340948140 1289305320
2578610640 3246494299
2198021303 2260621884
226276472 933267886
1866535772 171051170
342102340 1283359933
2566719867 2906956139
1518944982 1332425722
2664851445 2946765653
1598564010 1402905119
2805810239 2787620091
1280272886 2442966294
590965292 3892464425
3489961554 841899734
1683799468 1276380095
2552760190 898534151
1797068303 1149335178
2298670357 553231975
1106463951 1386289571
2772579142 797206090
1594412180 1504681867
3009363735 37590752
75181504 1501488355
3002976711 2950897245
1606827194 2945377923
1595788550 3898413168
3501859041 3728671499
3162375702 3161382273
2027797251 688843467
1377686934 134866633
269733267 1037845027
2075690054 3827409988
3359852680 2441300098
587632900 1819974590
3639949180 3512430107
2729892918 2008031195
4016062390 3270700014
2246432732 3040593548
1786219801 3360540542
2426113788 1830740840
3661481680 1857037409
3714074818 3532430752
2769894208 1556765790
3113531580 2105048990
4210097981 1974488298
3948976597 2335573554
376179813 366004323
732008647 3249382677
2203798059 982217624
1964435248 3637279033
2979590770 906284296
1812568592 532531738
1065063477 4174488725
4054010155 3916112058
3537256821 429806588
859613176 1396856831
2793713663 4137159919
3979352542 268450875
536901750 1944043632
3888087264 195923753
391847507 1664136178
3328272357 3306821171
2318675047 1059197070
2118394141 3617500748
2940034200 2621271321
947575347 2256497677
218028059 1997321731
3994643463 1631254552
3262509104 4174099682
4053232068 3954771132
3614574968 4145205183
3995443071 1262368678
2524737356 1686311112
3372622225 3056965736
1818964177 3928106082
3561244868 3063525259
1832083222 1856744697
3713489394 3574966213
2854965130 636973114
1273946228 3512864520
2730761745 1481331467
2962662935 70980351
141960703 3927273295
3559579295 2355462194
415957093 238940383
477880766 1066542624
2133085249 977535146
1955070292 1305443876
2610887753 3778474546
3261981797 3483236935
2671506575 3395123213
2495279131 467388936
934777872 2410100547
525233799 3876427070
3457886845 1394254787
2788509574 2073453309
4146906618 4023108507
3751249718 3184944081
2074920866 1925625246
3851250493 1197391462
2394782925 4234801613
4174635930 1602687255
3205374511 1683084758
3366169516 1439269613
2878539226 2282934550
270901804 2440068010
585168725 1732433169
3464866338 1463081144
2926162289 4016746756
3738526217 318830595
637661191 2391120824
487274352 1672676763
3345353527 625167965
1250335931 725212017
1450424034 1776896111
3553792223 3550845565
2806723835 3398156179
2501345062 4164086423
4033205550 1932246252
3864492504 1912013253
3824026507 1011134609
2022269218 1970374376
3940748752 299311405
598622811 1747262876
3494525752 2838015504
1381063713 3671056387
3047145478 1460547367
2921094734 1130995996
2261991992 610681233
1221362466 192765440
385530880 606372853
1212745706 665427425
1330854850 2935984756
1577002217 3994899099
3694830902 3139835953
1984704610 1028025899
2056051798 464189593
928379186 943124474
1886248949 436610007
873220014 2213177381
131387466 1840229262
3680458525 3631436210
2967905125 481156432
962312865 895446384
1790892768 1166053925
2332107851 2260408110
225848925 1410347036
2820694072 1808453041
3616906083 2676492048
1058016801 976263493
1952526987 1228562503
2457125006 1906645256
3813290512 1416692365
2833384730 3692027294
3089087292 2124400418
4248800836 4110502246
3926037196 2899940740
1504914185 1302548024
2605096049 2578840167
862713038 670669396
1341338793 2450016882
605066468 3367883123
2440798950 2708119039
1121270782 4106119335
3917271375 1093924720
2187849440 4279132328
4263297360 817349260
1634698520 2096028273
4192056546 2002745144
4005490289 1193714652
2387429305 2524150490
753333685 3560675299
2826383302 855618178
1711236357 1843961584
3687923168 1783425890
3566851781 286367836
572735673 2396336926
497706556 1886265501
3772531002 2591771404
888575513 1343136565
2686273131 976037933
1952075867 3878489570
3462011844 2360561631
426155967 2447270548
599573801 1883935087
3767870175 2856730675
1418494055 4096472984
3897978673 443251612
886503224 212685986
425371972 1360430269
2720860539 3259369263
2223771231 1572557752
3145115505 3439569929
2584172563 2124494993
4248989986 797231712
1594463424 3363840262
2432713228 974801789
1949603578 3141306156
1987645016 150988175
301976351 2133945261
4267890523 2753247882
1211528468 2128444352
4256888705 1047140036
2094280073 296004211
592008423 798379917
1596759834 1417843802
2835687604 684355678
1368711356 3325111485
2355255674 714918647
1429837295 2298756167
302545039 2215270999
135574703 1150804299
2301608598 3397252112
2499536929 784318035
1568636070 391894163
783788327 1613105075
3226210150 541817618
1083635237 3410467817
2525968339 862888056
1725776112 2810823777
1326680259 135503621
271007242 404235680
808471361 2343839677
392712058 1091725822
2183451645 3846686427
3398405559 972459943
1944919886 2402680298
510393300 2705354159
1115741023 2831404353
1367841410 3431299012
2567630728 275735820
551471640 3606456923
2917946551 3374817241
2454667186 936939439
1873878878 1195336914
2390673828 2364328765
433690234 1524316282
3048632565 3913880405
3532793514 477176653
954353307 51238129
102476258 3941889849
3588812402 3239275686
2183584077 3802683098
3310398901 1828117355
3656234711 3172031787
2049096279 3170087262
2045207229 559851680
1119703361 1485523913
2971047827 949512083
1899024167 4207687909
4120408523 1242497513
2484995026 2434599757
574232218 2660688794
1026410292 1532313379
3064626758 61939114
123878228 2628134986
961302677 231040924
462081848 1085803801
2171607602 439400853
878801706 3160155987
2025344679 3961461067
3627954839 3980600931
3666234566 3775432856
3255898417 1585016494
3170032988 3693378710
3091790124 2202555941
110144586 1873424273
3746848546 2116364852
4232729705 3933518920
3572070544 648984727
1297969455 3850791992
3406616688 3166529083
2038090871 1094456809
2188913618 3026064960
1757162624 3914985849
3535004403 1790260970
3580521941 4016870841
3738774386 3551952088
2808936880 227589928
455179857 819287790
1638575581 3073152429
1851337562 2071229260
4142458521 2948663632
1602359968 1615964721
3231929443 3102673093
1910378890 3866369103
3437770911 2999824561
1704681826 286641443
573282886 1899905008
3799810016 40770722
81541444 1730294407
3460588815 1270897903
2541795807 1881890712
3763781424 2837199042
1379430789 532708689
1065417379 2009152752
4018305504 519936189
1039872379 2728297691
1161628087 1941747132
3883494265 803767518
1607535036 3698754860
3102542424 3923310723
3551654150 2781633784
1268300273 1219013297
2438026595 943553306
1887106613 1224945145
2449890290 1682187926
3364375853 4090135638
3885303981 3212059111
2129150926 2452630638
610293980 2972522895
1650078494 145532115
291064230 2704975338
1114983380 1026527824
2053055649 2603579287
912191278 2250328877
205690458 2203635017
112302738 3207269390
2119571484 1911904654
3823809309 2999565461
1704163627 2596991084
899014873 24172283
48344567 2243063292
191159289 2651723271
1008479246 1816244683
3632489366 1245156093
2490312186 366436499
732872999 1747208604
3494417208 2838294593
1381621890 3399831006
2504694717 2442464169
589961042 2979284630
1663601964 1102710688
2205421377 2708719592
1122471889 2772480003
1249992710 3412196029
2529424762 293763457
587526914 530591114
1061182229 34555028
69110056 2394390252
493813209 1092392359
2184784718 139864176
279728352 2196612428
98257560 2315814869
336662442 3896722849
3498478402 3458317326
2621667356 3672151795
3049336294 4261913257
4228859218 2036265133
4072530267 3128486493
1962005690 3924622436
3554277577 1563497269
3126994539 16273088
32546177 2775025725
1255084154 3739254378
3183541460 2689946360
1084925425 1510709057
3021418115 3455915712
2616864128 1779093893
3558187786 3897083381
3499199467 3965564806
3636162316 2233473119
171978943 3154830987
2014694678 1286263027
2572526055 307373748
614747497 774178214
1548356428 2386510849
478054403 3754834460
3214701625 3953912484
3612857672 4037360294
3779753293 418957956
837915912 52530229
105060459 848033160
1696066320 135921011
271842023 1444282786
2888565572 1954458516
3908917032 1053815501
2107631003 2724765586
1154563876 1732194524
3464389049 1067141721
2134283443 573249214
1146498428 3065410327
1835853358 393687659
787375319 880481865
1760963731 4269047763
4243128231 3039201985
1783436674 2702886066
1110804837 2619967052
944966808 3908018068
3521068841 4058158114
3821348933 1649632000
3299264000 4045647482
3796327668 3222138382
2149309468 4021821641
3748675986 2039580613
4079161227 398940764
797881529 2462263801
629560307 3819896445
3344825595 938891915
1877783831 3429546863
2564126430 3466869713
2638772130 3536650499
2778333702 2103682285
4207364570 164112643
328225287 4184666752
4074366209 651260282
1302520565 2017795201
4035590402 3386241673
2477516051 1747724527
3495449055 3574461253
2853955210 629722265
1259444530 4026779885
3758592475 2490174998
685382700 4218677895
4142388494 2266709836
238452376 2573430040
851892785 3686435089
3077902883 811391162
1622782324 2549904974
804842653 1476284235
2952568470 2427934925
560902554 2582923437
870879578 3835851596
3376735896 1852889477
3705778954 4243868825
4192770355 2132212427
4264424854 272032878
544065757 502057306
1004114612 1427024055
2854048110 3007412999
1719858702 4272429820
4249892345 363964374
727928748 4255365366
4215763436 2114513789
4229027578 4252018640
4209069984 1870535690
3741071381 2950709109
1606450923 2814298411
1333629527 3405500402
2516033508 3862301082
3429634868 3712368004
3129768713 3830713701
3366460107 701557966
1403115932 968370596
1936741193 1540011043
3080022086 24220042
48440085 1622026464
3244052928 2880157632
1465347968 2382945053
470922811 2792183298
1289399300 2293089775
291212254 2337955133
380942970 1115348322
2230696645 2449921743
604876191 136528026
273056053 3023784724
1752602153 3404275023
2513582751 650272870
1300545741 22560796
45121592 2099659996
4199319993 1272241720
2544483441 2275976156
256985016 1636178996
3272357993 2352954651
410942006 1269742802
2539485604 2974740108
1654512921 3703661686
3112356076 3542546853
2790126410 1770890160
3541780321 3637539617
2980111938 830848680
1661697361 4070453925
3845940554 3340938947
2386910599 2633982041
972996786 600055427
1200110855 1883190723
3766381446 3714700897
3134434499 2244579194
194191092 2016972206
4033944412 1800100737
3600201474 2466019651
637072007 2298272183
301577071 737602089
1475204179 3414306732
2533646168 2766729404
1238491512 2511526540
728085785 1666575642
3333151285 1787431663
3574863327 3716430905
3137894514 654468249
1308936498 4162733675
4030500054 1507525496
3015050992 2140047593
4280095186 2124127626
4248255253 4247390236
4199813177 1273685975
2547371950 2183949672
72932049 36782735
73565471 1544457909
3088915819 92002258
184004516 3558065743
2821164191 1156500667
2313001334 1651317311
3302634622 2823942375
1352917454 3701821391
3108675487 1825356328
3650712657 3457287629
2619607962 2848944059
1402920823 70181007
140362015 1136916467
2273832935 587528976
1175057952 1558306647
3116613294 3425051105
2555134915 3576504577
2858041859 4257913945
4220860594 3705008387
3115049478 1221688325
2443376650 1220989537
2441979074 1694777348
3389554696 2490722041
686476787 4265614479
4236261662 1791865670
3583731340 2558113233
821259170 3373653158
2452339021 3369201043
2443434790 4086162088
3877356880 222990766
445981532 3572145765
2849324235 3605362863
2915758431 507542672
1015085344 2598776283
902585271 2768730816
1242494336 3119836062
1944704828 2541711641
788455987 2727832589
1160697883 3369676215
2444385135 2020492217
4040984435 1003799861
2007599723 3870242898
3445518501 2223402973
151838650 574979985
1149959970 342943049
685886099 1472455783
2944911567 3873553066
3452138837 3509238722
2723510149 2604633466
914299636 438892955
877785911 2797889182
1300811068 4090222429
3885477562 2545052322
795137349 2253387616
211807937 3954010305
3613053314 2445268587
595569878 2387139707
479312118 329396489
658792978 3905449724
3515932153 1596526151
3193052302 983329495
1966658990 682117336
1364234673 545248787
1090497575 2267326920
239686544 3875571046
3456174796 4069431074
3843894853 1816334969
3632669938 3707259618
3119551940 1475067219
2950134438 2535072244
775177193 1059255519
2118511038 3353561684
2412156072 3465027257
2635087218 2082512426
4165024852 11228903
22457807 4198387051
4101806806 1407952188
2815904377 2271539789
248112282 3564582401
2834197507 4188097678
4081228060 1073470864
2146941728 877080445
1754160890 2412766349
530565403 1518200711
3036401423 2377636080
460304865 931991161
1863982322 4251162081
4207356867 746127868
1492255736 3173145958
2051324620 3577315511
2859663727 367194319
734388638 3083418488
1871869681 384348912
768697824 3783675175
3272383055 89279443
178558886 2552159754
809352212 3166804884
2038642473 3819321131
3343674967 2358648946
422330596 2877072044
1459176792 1566894682
3133789364 77624594
155249189 1956503561
3913007122 139647175
279294350 639201178
1278402357 683157344
1366314688 3534157371
2773347447 2385745083
476522871 3026991026
1759014757 3643632491
2992297686 4126455857
3957944418 1476555137
2953110274 1628232267
3256464534 1900384347
3800768694 3728935196
3162903097 3967536917
3640106539 2864670378
1434373461 3161404741
2027842186 4058036397
3821105498 876067889
1752135779 2882712461
1470457627 3870367940
3445768584 2582276010
869584725 1341424789
2682849578 2821248478
1347529661 1663166810
3326333620 3447054707
2599142118 2999701213
1704435130 3252470164
2209973033 2007549350
4015098700 2757943522
1220919748 3508815924
2722664552 3576065595
2857163895 2523969248
752971201 3215552640
2136137985 1774168467
3548336935 4175088232
4055209169 2409790002
524612709 33866490
67732981 3344273927
2393580558 1168332404
2336664808 2522881553
750795811 1525145425
3050290851 875346158
1750692317 2704985776
1115004256 93515644
187031288 954310505
1908621010 915670169
1831340338 2876671076
1458374857 106540951
213081903 1325782897
2651565794 2259299279
223631263 1273643580
2547287161 4191036784
4087106273 2370218044
445468792 288358594
576717188 1848585021
3697170043 256640393
513280786 2151629976
8292657 2707613029
1120258763 1785569040
3571138080 557789809
1115579618 1225312572
2450625145 4026784399
3758601502 1583206977
3166413955 3654693335
3014419375 2063134367
4126268735 561655273
1123310546 1335967363
2671934727 3023063496
1751159696 365822943
731645886 1307544855
2615089711 1003637550
2007275100 885225947
1770451894 2678415397
1061863498 122869841
245739683 194505677
389011355 1315077472
2630154944 876528629
1753057258 1930718667
3861437334 795409349
1590818699 211822167
423644334 3399067135
2503166974 683406098
1366812197 3794363388
3293759481 2089670319
4179340638 817517498
1635034996 2495457612
695947928 3228365792
2161764289 2810337174
1325707052 177378347
354756694 4288891209
4282815122 757710713
1515421426 2337203058
379438820 2987600938
1680234581 3237091949
2179216603 1782214417
3564428834 1822972749
3645945499 2935567874
1576168452 2687486522
1080005749 1691460669
3382921339 747518687
1495037374 2664236155
1033505014 1172248094
2344496189 2694404568
1093841840 2896654334
1498341372 2179046853
63126410 875710599
1751421199 1135234192
2270468384 2758471806
1221976316 2823318021
1351668747 384630090
769260180 2316101325
337235354 4022158814
3749350333 671353923
1342707846 4030687333
3766407371 1777645523
3555291046 1609076623
3218153247 1651764501
3303529002 958295003
1916590006 2787405142
1279842989 2877950850
1460934404 2985299321
1675631347 1159232098
2318464197 2299746204
304525113 4033898117
3772828939 1001749490
2003498981 3928061331
3561155366 1401895488
2803790977 2901277667
1507588038 3042957597
1790947899 2140682870
4281365741 3524200845
2753434395 1685835234
3371670469 607770319
1215540638 1280876748
2561753497 1223321474
2446642949 3811123444
3327279593 2224666711
154366127 1181347486
2362694973 2903200939
1511434583 3897507800
3500048304 3596525525
2898083754 3521632766
2748298236 349306051
698612102 830629808
1661259617 4117599800
3940232304 3943669294
3592371293 2532640628
770313961 956480794
1912961589 1283560470
2567120941 1943579096
3887158193 59369796
118739593 3585601221
2876235146 670253241
1340506483 242574490
485148981 2861072676
1427178056 2792124868
1289282440 3377629836
2460292377 1488240185
2976480371 2445773594
596579892 1792392816
3584785632 1886174476
3772348952 742982296
1485964592 2421263455
547559615 4178906182
4062845069 1722396468
3444792937 2521023758
747080220 4137663356
3980359417 1060133519
2120267039 2605244519
915521742 777181448
1554362896 1611208638
3222417276 4021172128
3747376960 2603100094
911232893 3263992295
2233017294 91302789
182605578 602973427
1205946855 3645114781
2995262267 3121608824
1948250353 790323751
1580647502 3342062888
2389158480 3880728639
3466489983 516440373
1032880747 1596560527
3193121055 1636021768
3272043536 889094
1778189 3884378230
3473789164 176541388
353082777 133787671
267575343 1212487693
2424975386 3078174854
1861382412 2814718108
1334468921 1871827481
3743654962 2208778687
122590079 4064159756
3833352217 2174433109
53898922 3473773942
2652580588 2347944230
400921165 2452419129
609870962 1183169434
2366338869 3502587680
2710208064 1462584309
2925168618 2250980260
206993224 849955806
1699911612 3018940258
1742913220 2650034293
1005101291 1346261049
2692522099 3106279598
1917591901 2600661173
906355050 3938732329
3582497362 995986253
1991972507 2968495496
1642023697 2771050282
1247133269 2383168572
471369848 529868757
1059737515 142299281
284598562 2647957161
1000947026 2409014372
523061449 3114727929
1934488563 1852272464
3704544929 2456442317
617917338 2432095475
569223654 2375195156
455423017 448478642
896957284 3767330287
3239693278 1528894713
3057789426 985036999
1970073998 3532786747
2770606199 2396575719
498184142 1746307626
3492615252 1102272231
2204544463 2888709062
1482450829 1910892837
3821785675 1866190790
3732381580 2333155046
371342796 926473958
1852947917 1408692684
2817385369 781851746
1563703493 1421658469
2843316938 1907921504
3815843008 4201034380
4107101465 2865767015
1436566734 3567058105
2839148914 139984267
279968535 62421344
124842688 1585920327
3171840654 1038753506
2077507013 235911113
471822227 577363163
1154726326 3605788386
2916609476 2001706414
4003412828 1518102129
3036204258 3281984678
2269002061 3937007777
3579048258 3351692616
2408417936 3077928939
1860890582 1000690967
2001381935 2339555546
384143797 3136224151
1977481006 688807097
1377614195 948459199
1896918398 2349564729
404162162 657493235
1314986471 3481520436
2668073576 3056997851
1819028407 811679962
1623359924 3290150684
2285334073 2573328445
851689594 485609489
971218978 3735695570
3176423845 1403767193
2807534386 1098205977
2196411954 481427578
962855157 2752852905
1210738514 1578484361
3156968722 2209492385
124017474 305117507
610235014 756408585
1512817170 572322466
1144644932 3474232515
2653497735 3061384210
1827801124 647418414
1294836828 1532347768
3064695536 2005400374
4010800748 1581797068
3163594137 384582195
769164390 2454681184
614395073 2857728191
1420489087 2005244380
4010488761 1764367415
3528734830 1911570717
3823141434 2649848933
1004730571 2862468756
1429970217 2851880370
1408793445 3037574863
1780182431 3144783986
1994600676 1334232807
2668465615 2567871063
840774831 710104945
1420209890 1836914238
3673828476 3557793329
2820619362 4159892959
4024818623 457193864
914387728 2373128191
451289086 1644180410
3288360820 2612292776
929618256 3712831149
3130695002 2697340805
1099714315 1041913469
2083826938 2920205391
1545443487 3389425625
2483883954 950122259
1900244519 4196264596
4097561897 2897217660
1499468025 415009023
830018047 2201347619
107727943 2307002586
319037877 3011272147
1727576999 3694457120
3093946944 1802870353
3605740707 3468741015
2642514734 2463838412
632709528 3726640074
3158312853 1455902559
2911805118 288754607
577509214 4067358207
3839749118 4237679674
4180392053 1578544131
3157088263 3891746403
3488525510 3283767408
2272567521 1364770062
2729540125 426644740
853289480 75739589
151479179 2214129345
133291394 1081984532
2163969064 3601496993
2908026690 96759001
193518003 4273482216
4251997137 2449094331
603221367 3556712304
2818457313 80876703
161753407 3125081344
1955195393 2057657589
4115315178 388805922
777611844 584028559
1168057119 4137811306
3980655316 586478422
1172956844 459272499
918544998 2852326784
1409686273 791097130
1582194260 143440231
286880463 3505004105
2715040914 3041292293
1787617291 2014001018
4028002037 1239462651
2478925303 4261879330
4228791365 1369348531
2738697062 3660445490
3025923685 386201825
772403650 1368525964
2737051928 2209024679
123082063 4125814576
3956661856 350947094
701894189 1603181590
3206363181 687148346
1374296692 3950241221
3605515146 3968202371
3641437446 3029284288
1763601280 3942496105
3590024915 2647158959
999350623 1749047029
3498094058 1244764332
2489528665 95831684
191663368 1821870457
3643740914 3746431361
3197895427 3703703608
3112439920 1871437954
3742875909 1369632803
2739265606 542988572
1085977144 3521897842
2748828388 2535132374
775297453 1397956272
2795912545 115511763
231023526 2509494752
724022209 3006137183
1717307071 1590547630
3181095260 3731368030
3167768765 3550555326
2806143357 3108227165
1921487034 3873516723
3452066151 2588669744
882372192 3704709980
3114452664 1113564634
2227129268 1613930463
3227860926 4041172349
3787377403 1833088940
3666177881 3076645478
1858323660 4103750994
3912534693 3661322420
3027677544 4042499041
3790030787 345082000
690164000 3116141471
1937315646 3666780618
3038593941 1103983941
2207967883 3250656981
2206346666 2634577797
974188299 4204307697
4113648099 3472932780
2650898264 3010787877
1726608458 2452859790
610752284 3791792375
3288617454 1422036786
2844073572 2279785209
264603123 2813812869
1332658443 626497236
1252994473 2594930621
894893946 284364984
568729969 2772634188
1250301080 994456047
1988912095 3706228965
3117490635 4237008311
4179049327 2433414531
571861766 578353853
1156707707 1646697328
3293394656 1494197581
2988395163 1103638083
2207276166 644763507
1289527015 3422461436
2549955577 4186721563
4078475830 4160657079
4026346863 3037005225
1779043154 264632134
529264268 1923042757
3846085515 843092076
1686184152 642139506
1284279013 2280924183
266881070 3996821002
3698674708 229403583
458807166 1636888806
3273777613 1234314992
2468629984 3613594781
2932222267 2406718515
518469735 1294602020
2589204041 3799765097
3304562899 3038000153
1781033011 4264609
8529219 3099177944
1903388592 3533791101
2772614907 3486638530
2678309765 4178890278
4062813261 898451108
1796902217 1685075926
3370151852 1432750375
2865500750 1210110659
2420221318 171125560
342251121 3531831699
2768696102 2260187573
225407850 2254186491
213405686 964997105
1929994210 903377525
1806755050 1964631207
3929262414 3761005331
3227043366 1934110937
3868221875 1307628720
2615257441 1709616773
3419233546 3685289925
3075612554 308175586
616351173 2505232676
715498056 1748396835
3496793670 4039723362
3784479428 3251955278
2208943261 1329508883
2659017767 1279503215
2559006431 1751539918
3503079836 1838208252
3676416504 3896304068
3497640840 2931471835
1567976375 1280737395
2561474791 291785408
583570817 4130232554
3965497812 543172888
1086345776 2944521700
1594076105 276320974
552641948 3924725728
3554484161 597095582
1194191165 1157514866
2315029733 1974417102
3948834204 10089451
20178903 2034169019
4068338038 2794405774
1293844252 135207634
270415268 4021397320
3747827344 892697970
1785395941 3712503842
3130040389 4139313354
3983659413 3622418591
2949869886 350604735
701209470 453951177
907902355 1725597024
3451194048 3048865285
1802763275 2066815058
4133630116 1322730065
2645460131 1965660853
3931321707 2205224762
115482229 3282358958
2269750621 388721408
777442816 1319294781
2638589563 2755805503
1216643711 1107565097
2215130195 488125770
976251540 2896421995
1497876694 1231088052
2462176105 210378214
420756429 2303517950
312068604 997579123
1995158247 2774497508
1254027721 856907709
1713815419 847223254
1694446508 1293240954
2586481909 2762421988
1229876681 897379105
1794758211 1432011425
2864022851 2942241334
1589515373 3591026959
2887086622 3897104292
