2026568455 4053136911
3811306526 3327645756
2360324216 425681137
851362274 1702724549
3405449099 2515930902
736894508 1473789017
2947578035 1600188775
3200377551 2105787807
4211575615 4128183935
3961400574 3627833852
2960700409 1626433523
3252867047 2210766798
126566301 253132602
506265204 1012530408
2025060816 4050121633
3805275970 3315584645
2336201995 377436694
754873389 1509746779
3019493558 1744019821
3488039642 2681111989
1067256682 2134513365
4269026731 4243086167
4191205039 4087442783
3879918271 3464869247
2634771198 974575100
1949150200 3898300400
3501633505 2708299715
1121632135 2243264271
191561246 383122493
766244987 1532489975
3064979951 1834992606
3669985212 3045003128
1795038961 3590077922
2885188548 1475409800
2950819600 1606671905
3213343811 2131720327
4263440655 4231914014
4168860732 4042754168
3790541041 3286114787
2277262278 259557261
519114522 1038229045
2076458091 4152916183
4010865071 3726762847
3158558399 2022149503
4044299007 3793630718
3292294140 2289620985
284274675 568549351
1137098703 2274197406
253427516 506855033
1013710066 2027420133
4054840266 3814713237
3334459179 2373951063
452934831 905869662
1811739324 3623478649
2951990003 1609012710
3218025421 2141083546
4282167093 4269366890
4243766484 4192565672
4090164048 3885360800
3475754304 2656541312
1018115329 2036230658
4072461317 3849955339
3404943382 2514919468
734871640 1469743281
2939486563 1584005830
3168011660 2041056025
4082112050 3869256805
3443546315 2592125335
889283374 1778566748
3557133497 2819299698
1343632100 2687264200
1079561104 2159122208
23277120 46554241
93108482 186216965
372433930 744867861
1489735722 2979471444
1663975592 3327951185
2360935074 426902853
853805707 1707611415
3415222831 2535478367
775989439 1551978878
3103957757 1912948219
3825896439 3356825582
2418683868 542400440
1084800881 2169601762
44236228 88472457
176944914 353889829
707779659 1415559318
2831118637 1367269978
2734539956 1174112616
2348225232 401483168
802966337 1605932675
3211865351 2128763406
4257526813 4220086331
4145205367 3995443438
3695919580 3096871864
1898776432 3797552864
3300138433 2305309570
315651844 631303688
1262607376 2525214752
755462208 1510924417
3021848834 1748730372
3497460744 2699954193
1104941091 2209882182
124797069 249594138
499188277 998376555
1996753111 3993506222
3692045149 3089123002
1883278709 3766557418
3238147540 2181327784
67688272 135376545
270753091 541506182
1083012365 2166024730
37082164 74164329
148328658 296657316
593314633 1186629267
2373258535 451549775
903099550 1806199101
3612398203 2929829110
1564690924 3129381848
1963796400 3927592801
3560218307 2825469319
1355971342 2711942685
1128918075 2257836150
220705004 441410008
882820017 1765640035
3531280071 2767592847
1240218398 2480436797
665906298 1331812597
2663625194 1032283092
2064566185 4129132371
3963297447 3631627599
2968287903 1641608510
3283217020 2271466745
247966195 495932391
991864783 1983729566
3967459133 3639950970
2984934644 1674901993
3349803986 2404640677
514314058 1028628116
2057256232 4114512465
3934057634 3573147973
2851328650 1407690004
2815380008 1335792720
2671585441 1048203586
2096407172 4192814344
4090661393 3886355491
3477743687 2660520079
1026072862 2052145725
4104291451 3913615606
3532263916 2769560537
1244153778 2488307556
681647817 1363295635
2726591271 1158215247
2316430494 337893692
675787385 1351574770
2703149541 1111331787
2222663574 150359852
300719705 601439411
1202878822 2405757645
516547994 1033095989
2066191979 4132383959
3969800623 3644633951
2994300607 1693633919
3387267839 2479568382
664169468 1328338936
2656677872 1018388449
2036776898 4073553796
3852140297 3409313299
2523659302 752351309
1504702619 3009405239
1723843183 3447686367
2600405439 905843583
1811687167 3623374335
2951781374 1608595452
3217190904 2139414513
4278829026 4262690756
4230414216 4165861137
4036754979 3778542663
3262118031 2229268766
163570236 327140473
654280946 1308561893
2617123786 939280277
1878560554 3757121108
3219274920 2143582544
4287165089 4279362882
4263758469 4232549643
4170131990 4045296684
3795626072 3296284848
2297602400 300237505
600475011 1200950023
2401900047 508832798
1017665597 2035331195
4070662391 3846357486
3397747676 2500528056
706088816 1412177632
2824355264 1353743232
2707486464 1120005633
2240011266 185055236
370110472 740220944
1480441888 2960883777
1626800258 3253600517
2212233739 129500182
259000365 518000731
1036001462 2072002924
4144005848 3993044400
3691121504 3087275713
1879584130 3759168261
3223369227 2151771158
8575020 17150041
34300083 68600166
137200333 274400667
548801335 1097602670
2195205341 95443386
190886772 381773544
763547088 1527094177
3054188355 1813409415
3626818831 2958670366
1622373436 3244746873
2194526451 94085606
188171213 376342427
752684855 1505369710
3010739421 1726511546
3453023092 2611078889
927190483 1854380966
3708761932 3122556568
1950145841 3900291683
3505616070 2716264845
1137562395 2275124791
255282287 510564575
1021129150 2042258300
4084516600 3874065905
3453164515 2611361734
927756173 1855512346
3711024693 3127082090
1959196884 3918393769
3541820242 2788673189
1282379082 2564758164
834549033 1669098067
3338196134 2381424973
467882650 935765301
1871530603 3743061207
3191155119 2087342943
4174685886 4054404477
3813841659 3332716022
2370464748 445962201
891924403 1783848806
3567697613 2840427930
1385888564 2771777129
1248586963 2497173926
699380557 1398761115
2797522231 1300077167
2600154335 905341375
1810682750 3621365501
2947763707 1600560118
3201120237 2107273179
4214546358 4134125421
3973283547 3651599799
3008232303 1721497310
3442994620 2591021944
887076593 1774153186
3548306373 2801645450
1308323604 2616647208
938327120 1876654241
3753308483 3211649671
2128332046 4256664093
4218360891 4141754487
3988541678 3682116060
3069264824 1843562352
3687124704 3079282113
1863596930 3727193861
3159420427 2023873558
4047747117 3800526938
3306086581 2317205866
339444436 678888873
1357777747 2715555494
1136143693 2272287387
249607478 499214956
998429912 1996859825
3993719651 3692472006
3089976717 1884986139
3769972279 3244977263
2194987230 95007165
190014331 380028663
760057327 1520114655
3040229310 1785491325
3570982650 2846998004
1399028713 2798057426
1301147557 2602295115
909622935 1819245871
3638491742 2982016189
1669065082 3338130165
2381293035 467618774
935237548 1870475097
3740950195 3186933095
2078898894 4157797788
4020628281 3746289266
3197611236 2100255177
4200510355 4106053414
3917139533 3539311770
2783656244 1272345192
2544690384 794413472
1588826945 3177653891
2060340486 4120680973
3946394651 3597822006
2900676717 1506386139
3012772278 1730577261
3461154522 2627341749
959716202 1919432405
3838864811 3382762327
2470557359 646147423
1292294846 2584589692
874212089 1748424178
3496848357 2698729419
1102491543 2204983087
114998879 229997758
459995516 919991032
1839982064 3679964128
3064960961 1834954626
3669909253 3044851211
1794735126 3589470253
2883973210 1472979125
2945958251 1596949206
3193898412 2092829528
4185659057 4076350818
3857734340 3420501384
2546035473 797103651
1594207302 3188414604
2081861913 4163723826
4032480357 3769993419
3245019543 2195071790
95176285 190352571
380705142 761410285
1522820570 3045641140
1796314984 3592629968
2890292640 1485617984
2971235969 1647504643
3295009287 2295051278
295135260 590270520
1180541041 2361082082
427196868 854393737
1708787474 3417574949
2540182602 785397909
1570795818 3141591636
1988215976 3976431953
3657896610 3020825925
1746684554 3493369109
2691770923 1088574551
2177149102 59330909
118661819 237323638
474647277 949294554
1898589108 3797178217
3299389139 2303810983
312654671 625309342
1250618685 2501237371
707507446 1415014893
2830029786 1365092277
2730184555 1165401814
2330803628 366639960
733279921 1466559843
2933119687 1571272079
3142544159 1990121022
3980242044 3665516793
3036066291 1777165286
3554330573 2813693850
1332420404 2664840809
1034714323 2069428646
4138857292 3982747288
3670527281 3046087266
1797207236 3594414473
2893861651 1492756006
2985512012 1676056728
3352113456 2409259616
523551937 1047103875
2094207751 4188415503
4081863710 3868760124
3442552952 2590138609
885309923 1770619847
3541239694 2787512092
1280056889 2560113779
825260262 1650520525
3301041051 2307114806
319262317 638524634
1277049268 2554098537
813229779 1626459558
3252919116 2210870936
126774577 253549155
507098311 1014196622
2028393245 4056786490
3818605685 3342244075
2389520854 484074413
968148827 1936297654
3872595308 3450223321
2605479346 915991397
1831982794 3663965588
3032963881 1770960466
3541920932 2788874568
1282781840 2565563680
836160064 1672320129
3344640258 2394313220
493659145 987318290
1974636581 3949273163
3603579031 2912190766
1529414237 3058828475
1822689655 3645379311
2995791326 1696615357
3393230715 2491494134
688020972 1376041944
2752083889 1209200482
2418400965 541834634
1083669269 2167338538
39709781 79419563
158839126 317678252
635356505 1270713011
2541426022 787884748
1575769497 3151538994
2008110693 4016221386
3737475477 3179983659
2065000023 4130000046
3965032797 3635098298
2975229301 1655491307
3310982615 2326997935
359028575 718057150
1436114300 2872228600
1449489905 2898979810
1502992324 3005984649
1717002003 3434004007
2573040719 851114143
1702228287 3404456574
2513945852 732924409
1465848818 2931697637
1568427979 3136855958
1978744620 3957489241
3620011186 2945055077
1595142859 3190285718
2085604140 4171208281
4047449266 3799931237
3304895179 2314823063
334678830 669357660
1338715321 2677430643
1059893990 2119787981
4239575963 4184184630
4073401965 3851836635
3408705975 2522444655
749922014 1499844028
2999688057 1704408819
3408817639 2522667982
750368669 1500737338
3001474676 1707982057
3415964114 2536960933
778954570 1557909140
3115818280 1936669264
3873338529 3451709762
2608452229 921937163
1843874327 3687748655
3080530015 1866092735
3732185470 3169403644
2043839993 4087679986
3880392676 3465818057
2636668818 978370340
1956740681 3913481363
3531995430 2769023565
1243079834 2486159669
677352042 1354704085
2709408171 1123849047
2247698094 200428893
400857787 801715574
1603431149 3206862298
2118757301 4237514603
4180061910 4065156525
3835345754 3375724213
2456481130 617994964
1235989929 2471979859
648992423 1297984846
2595969692 896972089
1793944179 3587888359
2880809422 1466651549
2933303098 1571638901
3143277802 1991588308
3983176617 3671385938
3047804581 1800641866
3601283732 2907600169
1520233042 3040466084
1785964872 3571929745
2848892195 1402817095
2805634190 1316301084
2632602168 970237040
1940474080 3880948160
3466929024 2638890753
982814211 1965628423
3931256847 3567546398
2840125500 1385283704
2770567408 1246167521
2492335042 689702789
1379405578 2758811157
1222655019 2445310038
595652781 1191305563
2382611126 470254957
940509914 1881019828
3762039657 3229112019
2163256743 31546191
63092382 126184765
252369531 504739063
1009478127 2018956255
4037912510 3780857725
3266748155 2238529014
182090732 364181464
728362929 1456725859
2913451719 1531936143
3063872287 1832777278
3665554556 3036141817
1777316339 3554632679
2814298062 1333628829
2667257658 1039548021
2079096042 4158192085
4021416874 3747866453
3200765610 2106563925
4213127851 4131288407
3967609519 3640251743
2985536191 1676105087
3352210175 2409453054
523938812 1047877624
2095755248 4191510496
4088053697 3881140098
3467312900 2639658505
984349715 1968699431
3937398862 3579830429
2864693563 1434419831
2868839663 1442712030
2885424060 1475880824
2951761648 1608556001
3217112002 2139256709
4278513418 4262059540
4229151785 4163336274
4031705253 3768443210
3241919125 2188870955
82774615 165549230
331098460 662196921
1324393843 2648787687
1002608078 2005216156
4010432312 3725897328
3156827361 2018687427
4037374854 3779782412
3264597529 2234227763
173488231 346976463
693952926 1387905853
2775811707 1256656118
2513312237 731657179
1463314358 2926628716
1558290137 3116580275
1938193255 3876386511
3457805727 2620644158
946321021 1892642042
3785284085 3275600875
2256234454 217501613
435003227 870006454
1740012908 3480025816
2665084336 1035201376
2070402752 4140805505
3986643715 3678320134
3061672972 1828378649
3656757298 3018547301
1742127307 3484254614
2673541932 1052116568
2104233137 4208466275
4121965254 3948963213
3602959131 2910950966
1526934637 3053869274
1812771253 3625542507
2956117718 1617268141
3234536283 2174105271
53243247 106486495
212972990 425945980
851891960 1703783920
3407567840 2520168385
745369474 1490738949
2981477898 1667988500
3335977000 2376986704
459006112 918012225
1836024451 3672048903
3049130510 1803293724
3606587448 2918207600
1541447905 3082895810
1870824325 3741648650
3188330004 2081692713
4163385427 4031803559
3768639823 3242312351
2189657406 84347517
168695034 337390069
674780138 1349560277
2699120555 1103273815
2206547630 118127965
236255931 472511862
945023725 1890047450
3780094900 3265222504
2235477713 175988130
351976260 703952521
1407905042 2815810085
1336652874 2673305748
1051644201 2103288403
4206576806 4118186317
3941405338 3587843380
2880719464 1466471633
2932943267 1570919239
3141838478 1988709660
3977419320 3659871344
3024775393 1754583491
3509166982 2723366668
1151766041 2303532082
312096869 624193738
1248387476 2496774952
698582608 1397165217
2794330435 1293693575
2587387151 879807006
1759614013 3519228027
2743488758 1192010220
2384020440 473073584
946147169 1892294338
3784588676 3274210057
2253452819 211938342
423876684 847753369
1695506738 3391013476
2487059657 679152018
1358304037 2716608075
1138248855 2276497711
258028127 516056254
1032112508 2064225016
4128450032 3961932769
3628898243 2962829191
1630691086 3261382173
2227797051 160626807
321253615 642507231
1285014462 2570028924
845090553 1690181106
3380362213 2465757131
636546967 1273093935
2546187870 797408445
1594816891 3189633783
2084300270 4168600541
4042233786 3789500277
3284033259 2273099222
251231149 502462299
1004924598 2009849196
4019698392 3744429488
3193891680 2092816065
4185632131 4076296966
3857626636 3420285977
2545604659 796242023
1592484047 3184968094
2074968892 4149937785
4004908275 3714849254
3134731212 1974495128
3948990256 3603013216
2911059137 1527150978
3054301957 1813636619
3627273239 2959579182
1624191069 3248382139
2201796983 108626670
217253341 434506683
869013366 1738026733
3476053466 2657139637
1019311978 2038623957
4077247915 3859528535
3424089775 2553212255
811457215 1622914430
3245828861 2196690427
98413558 196827117
393654234 787308468
1574616937 3149233874
2003500453 4007000907
3719034519 3143101742
1991236189 3982472379
3669977463 3044987630
1795007964 3590015929
2885064562 1475161828
2950323656 1605680016
3211360032 2127752768
4255505537 4216043779
4137120262 3979273228
3663579161 3032191027
1769414759 3538829519
2782691743 1270416190
2540832380 786697465
1573394930 3146789861
1998612427 3997224854
3699482412 3103997528
1913027760 3826055521
3357143747 2419320199
543673102 1087346205
2174692410 54417525
108835050 217670101
435340203 870680406
1741360812 3482721625
2670475954 1045984613
2091969226 4183938452
4072909609 3850851922
3406736549 2518505802
742044309 1484088618
2968177236 1641387176
3282774353 2270581410
246195525 492391051
984782103 1969564207
3939128414 3583289533
2871611770 1448256244
2896512488 1498057681
2996115363 1697263431
3394526862 2494086428
693205561 1386411123
2772822247 1250677198
2501354396 707741497
1415482995 2830965991
1366964686 2733929372
1172891449 2345782899
396598502 793197005
1586394011 3172788023
2050608751 4101217503
3907467711 3519968127
2744968958 1194970620
2389941240 484915185
969830370 1939660741
3879321483 3463675670
2632384044 969800792
1939601585 3879203171
3463439046 2631910797
968854299 1937708599
3875417198 3455867100
2616766904 938566512
1877133024 3754266048
3213564800 2132162305
4264324610 4233681924
4172396553 4049825811
3804684326 3314401357
2333835418 372703540
745407081 1490814162
2981628324 1668289352
3336578705 2378190115
461412935 922825870
1845651741 3691303482
3087639669 1880312043
3760624087 3226280879
2157594463 20221631
40443262 80886525
161773050 323546101
647092202 1294184405
2588368811 881770327
1763540654 3527081308
2759195320 1223423344
2446846688 598726081
1197452163 2394904327
494841358 989682717
1979365434 3958730868
3622494441 2950021587
1605075879 3210151758
2125336221 4250672442
4206377589 4117787883
3940608470 3586249645
2877531994 1460096693
2920193387 1545419478
3090838956 1886710616
3773421233 3251875170
2208783044 122598792
245197584 490395168
980790337 1961580675
3923161351 3551355406
2807743516 1320519737
2641039475 987111654
1974223309 3948446619
3601925942 2908884589
1522801883 3045603766
1796240237 3592480474
2889993653 1485020010
2970040021 1645112746
3290225492 2285483688
276000080 552000161
1104000323 2208000646
121033996 242067992
484135984 968271969
1936543938 3873087876
3451208457 2607449619
919931942 1839863884
3679727769 3064488243
1834009191 3668018383
3041069471 1787171646
3574343292 2853719289
1412471283 2824942567
1354917838 2709835676
1124704057 2249408115
203848934 407697869
815395739 1630791479
3261582958 2228198620
161429944 322859889
645719778 1291439557
2582879115 870790934
1741581869 3483163739
2671360183 1047753071
2095506143 4191012286
4087057277 3879147259
3463327222 2631687148
968407001 1936814003
3873628006 3452288716
2609610136 924252977
1848505955 3697011911
3099056527 1903145758
3806291517 3317615738
2340264180 385561065
771122130 1542244260
3084488521 1874009746
3748019493 3201071690
2107176085 4214352170
4133737045 3972506794
3650046293 3005125290
1715283285 3430566571
2566165847 837364399
1674728798 3349457596
2403947896 512928497
1025856994 2051713989
4103427979 3911888662
3528810028 2762652760
1230338224 2460676449
626385603 1252771206
2505542413 716117531
1432235063 2864470126
1433972956 2867945913
1440924530 2881849061
1468730827 2937461654
1579956012 3159912025
2024856754 4049713508
3804459721 3313952146
2332936996 370906696
741813393 1483626786
2967253572 1639539848
3279079696 2263192097
231416898 462833796
925667592 1851335184
3702670368 3110373440
1925779584 3851559168
3408151041 2521334787
747702278 1495404557
2990809114 1686650932
3373301865 2451636435
608305575 1216611150
2433222300 571477305
1142954611 2285909223
276851150 553702300
1107404600 2214809201
134651107 269302215
538604430 1077208861
2154417722 13868149
27736298 55472597
110945195 221890390
443780780 887561561
1775123123 3550246246
2805525196 1316083096
2632166192 969365088
1938730176 3877460353
3459953411 2624939526
954911756 1909823512
3819647024 3344326752
2393686209 492405122
984810245 1969620490
3939240981 3583514667
2872062039 1449156783
2898313566 1501659837
3003319675 1711672054
3423344109 2551720923
808474551 1616949102
3233898205 2172829114
50690933 101381866
202763733 405527467
811054934 1622109868
3244219737 2193472178
91977061 183954122
367908244 735816488
1471632977 2943265955
1591564615 3183129230
2071291164 4142582328
3990197360 3685427425
3075887555 1856807815
3713615631 3132263966
1969560636 3939121273
3583275251 2871583206
1448199116 2896398233
1497829171 2995658342
1696349388 3392698777
2490430259 685893223
1371786447 2743572894
1192178492 2384356985
473746675 947493351
1894986703 3789973406
3284979516 2274991736
255016177 510032354
1020064709 2040129419
4080258839 3865550382
3436133469 2577299642
859631989 1719263978
3438527957 2582088618
869209941 1738419883
3476839766 2658712237
1022457178 2044914356
4089828713 3884690131
3474412967 2653858639
1012749983 2025499967
4050999934 3807032572
3319097849 2343228403
391489510 782979021
1565958043 3131916087
1968864879 3937729759
3580492223 2866017151
1437067006 2874134013
1453300731 2906601463
1518235630 3036471261
1777975226 3555950452
2816933609 1338899923
2677799846 1060632397
2121264795 4242529591
4190091887 4085216478
3875465661 3455964026
2616960756 938954217
1877908434 3755816868
3216666440 2138365584
4276731168 4258495040
4222022784 4149078273
4003189251 3711411206
3127855116 1960742937
3921485874 3548004453
2801041611 1307115927
2614231855 933496415
1866992830 3733985660
3173004025 2051040755
4102081511 3909195726
3523424157 2751881019
1208794743 2417589487
540211678 1080423356
2160846713 26726131
53452263 106904527
213809054 427618109
855236219 1710472439
3420944879 2546922462
798877629 1597755259
3195510519 2096053742
4192107485 4089247674
3883528053 3472088811
2649210326 1003453357
2006906715 4013813430
3732659565 3170351835
2045736375 4091472750
3887978204 3480989112
2667010928 1039054561
2078109122 4156218244
4017469193 3739971091
3184974886 2074982477
4149964955 4004962614
3714957933 3134948571
1974929847 3949859694
3604752092 2914536888
1534106480 3068212960
1841458625 3682917251
3070867206 1846767116
3693534232 3092101169
1889235042 3778470085
3261972874 2228978452
162989609 325979219
651958438 1303916876
2607833753 920700211
1841400422 3682800845
3070634394 1846301492
3692602985 3090238675
1885510055 3771020110
3247072925 2199178555
103389815 206779631
413559263 827118526
1654237052 3308474104
2321980913 348994531
697989063 1395978126
2791956253 1288945211
2577890422 860813548
1721627096 3443254193
2591541090 888114884
1776229769 3552459538
2809951780 1324936264
2649872529 1004777763
2009555526 4019111052
3743254809 3191542323
2088117351 4176234703
4057502111 3820036926
3345106557 2395245819
495524342 991048685
1982097370 3964194740
3633422184 2971877073
1648786850 3297573700
2300180104 305392913
610785826 1221571652
2443143305 591319315
1182638631 2365277262
435587229 871174458
1742348916 3484697832
2674428369 1053889442
2107778884 4215557769
4136148243 3977329190
3659691085 3024414874
1753862452 3507724905
2720482515 1145997735
2291995470 289023645
578047290 1156094580
2312189160 329411025
658822051 1317644102
2635288204 975609113
1951218226 3902436452
3509905609 2724843922
1154720548 2309441097
323914898 647829797
1295659595 2591319190
887671084 1775342169
3550684339 2806401383
1317835470 2635670940
976374585 1952749171
3905498343 3516029390
2737091485 1179215675
2358431350 421895404
843790808 1687581617
3375163235 2455359174
615751053 1231502106
2463004213 631041130
1262082261 2524164523
753361751 1506723502
3013447004 1731926712
3463853425 2632739555
970511814 1941023628
3882047256 3469127217
2643287138 991606980
1983213961 3966427922
3637888548 2980809800
1666652304 3333304608
2371641920 448316544
896633088 1793266176
3586532352 2878097409
1461227523 2922455047
1549942798 3099885597
1904803899 3809607798
3324248300 2353529305
412091314 824182628
1648365256 3296730513
2298493731 302020167
604040334 1208080669
2416161338 537355381
1074710762 2149421525
3875754 7751508
15503017 31006035
62012070 124024140
248048281 496096562
992193124 1984386248
3968772497 3642577699
2990188103 1685408911
3370817823 2446668350
598369405 1196738810
2393477621 491987947
983975895 1967951790
3935903580 3576839864
2858712432 1422457569
2844915138 1394862981
2789725962 1284484628
2568969256 842971216
1685942433 3371884867
2448802439 602637582
1205275165 2410550330
526133365 1052266730
2104533461 4209066923
4123166551 3951365807
3607764319 2920561343
1546155391 3092310783
1889654270 3779308541
3263649787 2232332278
169697260 339394520
678789041 1357578083
2715156167 1135345039
2270690079 246412862
492825724 985651448
1971302896 3942605792
3590244289 2885521282
1476075268 2952150536
1609333777 3218667554
2142367813 4284735627
4274503958 4254040620
4213113944 4131260592
3967553888 3640140481
2985313666 1675660036
3351320072 2407672849
520378403 1040756806
2081513612 4163027224
4031087153 3767207010
3239446724 2183926152
72885009 145770018
291540036 583080073
1166160146 2332320293
369673290 739346580
1478693160 2957386321
1619805346 3239610692
2184254088 73540881
147081762 294163524
588327049 1176654098
2353308197 411649098
823298196 1646596392
3293192785 2291418274
287869253 575738507
1151477015 2302954031
310940767 621881534
1243763068 2487526136
680084977 1360169954
2720339909 1145712522
2291425045 287882795
575765590 1151531180
2303062361 311157426
622314852 1244629704
2489259409 683551523
1367103046 2734206092
1173444889 2346889778
398812261 797624522
1595249044 3190498088
2086028880 4172057761
4049148226 3803329157
3311691019 2328414742
361862188 723724377
1447448755 2894897510
1494827724 2989655449
1684343603 3368687206
2442407116 589846936
1179693872 2359387745
423808195 847616390
1695232781 3390465562
2485963828 676960360
1353920720 2707841441
1120715586 2241431172
187895049 375790098
751580197 1503160395
3006320790 1717674284
3435348569 2575729842
856492389 1712984778
3425969556 2556971817
818976338 1637952676
3275905353 2256843410
218719524 437439049
874878099 1749756199
3499512398 2704057501
1113147707 2226295414
157623532 315247064
630494129 1260988259
2521976519 748985743
1497971487 2995942975
1696918655 3393837311
2492707326 690447356
1380894712 2761789424
1228611553 2457223106
619478917 1238957834
2477915669 660864043
1321728086 2643456172
991945048 1983890097
3967780195 3640593094
2986218893 1677470491
3354940983 2414914671
534862046 1069724092
2139448185 4278896370
4262825444 4230683593
4166399890 4037832484
3780697672 3266428048
2237888801 180810306
361620612 723241224
1446482448 2892964896
1490962496 2981924993
1668882691 3337765383
2380563470 466159644
932319288 1864638577
3729277154 3163587012
2032206728 4064413456
3833859617 3372751938
2450536581 606105867
1212211735 2424423471
553879647 1107759294
2215518588 136069881
272139762 544279525
1088559050 2177118100
59268905 118537811
237075622 474151244
948302489 1896604978
3793209956 3291452617
2287937938 280908580
561817161 1123634323
2247268647 199569999
399139998 798279997
1596559995 3193119991
2091272686 4182545373
4070123450 3845279605
3395591915 2496216534
697465773 1394931547
2789863094 1284758893
2569517786 844068277
1688136555 3376273111
2457578927 620190559
1240381118 2480762236
666557177 1333114354
2666228709 1037490123
2074980246 4149960493
4004953690 3714940085
3134912874 1974858452
3949716905 3604466514
2913965733 1532964170
3065928340 1836889385
3673778771 3052590247
1810213199 3620426398
2945885500 1596803704
3193607408 2092247521
4184495042 4074022789
3853078283 3411189270
2527411244 759855192
1519710385 3039420771
1783874246 3567748492
2840529689 1386092083
2772184166 1249401036
2498802073 702636851
1405273702 2810547405
1326127514 2652255029
1009542762 2019085525
4038171051 3781374807
3267782319 2240597343
186227391 372454782
744909565 1489819130
2979638261 1664309227
3328618455 2362269615
429571935 859143870
1718287740 3436575480
2578183665 861400035
1722800071 3445600142
2596232988 897498681
1794997363 3589994727
2885022158 1475077021
2950154042 1605340789
3210681578 2126395860
4252791721 4210616146
4126264997 3957562698
3620158101 2945348907
1595730519 3191461038
2087954781 4175909563
4056851831 3818736366
3342505436 2390043576
485119856 970239712
1940479424 3880958849
3466950403 2638933510
982899724 1965799448
3931598896 3568230496
2841493697 1388020098
2776040197 1257113099
2514226199 733485102
1466970204 2933940409
1572913522 3145827045
1996686795 3993373590
3691779884 3088592472
1882217648 3764435297
3233903299 2172839303
50711310 101422621
202845242 405690484
811380968 1622761936
3245523873 2196080450
97193605 194387210
388774421 777548842
1555097684 3110195369
1925423442 3850846884
3406726472 2518485648
742004001 1484008003
2968016006 1641064716
3282129432 2269291569
243615842 487231685
974463371 1948926743
3897853487 3500739679
2706512063 1118056831
2236113663 177260030
354520061 709040122
1418080245 2836160490
1377353684 2754707369
1214447442 2428894884
562822472 1125644945
2251289890 207612485
415224971 830449943
1660899887 3321799774
2348632253 402297210
804594421 1609188842
3218377685 2141788074
4283576148 4272185000
4249402704 4203838112
4112708928 3930450560
3565933825 2836900355
1378833414 2757666829
1220366363 2440732727
586498159 1172996319
2345992638 397017981
794035962 1588071925
3176143850 2057320404
4114640809 3934314322
3573661349 2852355402
1409743509 2819487018
1344006741 2688013483
1081059671 2162119342
29271389 58542779
117085558 234171117
468342234 936684468
1873368937 3746737874
3198508453 2102049610
4204099220 4113231145
3931494994 3568022693
2841078090 1387188885
2774377770 1253788245
2507576491 720185687
1440371374 2880742748
1466518200 2933036401
1571105507 3142211015
1989454735 3978909471
3662851646 3030735997
1766504699 3533009399
2771051502 1247135708
2494271417 693575538
1387151077 2774302154
1253637013 2507274026
719580757 1439161515
2878323030 1461678765
2923357531 1551747767
3103495534 1912023772
3824047545 3353127794
2411288292 527609289
1055218579 2110437159
4220874318 4146781341
3998595387 3702223479
3109479662 1923992028
3847984057 3401000818
2507034340 719101385
1438202771 2876405543
1457843791 2915687582
1536407868 3072815737
1850664179 3701328359
3107689422 1920411549
3840823098 3386678901
2478390507 661813718
1323627436 2647254873
999542450 1999084900
3998169800 3701372304
3107777313 1920587330
3841174660 3387382025
2479796755 664626214
1329252428 2658504857
1022042419 2044084838
4088169677 3881372058
3467776820 2640586344
986205393 1972410787
3944821574 3594675853
2894384411 1493801526
2987603052 1680238809
3360477619 2425987943
557008590 1114017180
2228034360 161101424
322202848 644405696
1288811393 2577622786
860278276 1720556552
3441113104 2587258913
879550530 1759101060
3518202120 2741436945
1187906595 2375813190
456659085 913318170
1826636341 3653272683
3011578070 1728188845
3456377691 2617788087
940608879 1881217759
3762435518 3229903741
2164840187 34713078
69426157 138852314
277704628 555409257
1110818514 2221637028
148306760 296613521
593227042 1186454084
2372908169 450849043
901698087 1803396174
3606792348 2918617401
1542267506 3084535013
1874102731 3748205462
3201443628 2107919960
4215839921 4136712546
3978457796 3661948296
3028929297 1762891299
3525782598 2756597901
1218228507 2436457015
577946735 1155893471
2311786942 328606589
657213178 1314426357
2628852714 962738132
1925476265 3850952531
3406937767 2518908239
742849183 1485698367
2971396734 1647826172
3295652344 2296337393
297707491 595414983
1190829966 2381659933
468352571 936705142
1873410285 3746820570
3198673845 2102380394
4204760789 4114554282
3934141269 3573315242
2851663189 1408359082
2816718164 1338469032
2676938065 1058908834
2117817668 4235635337
4176303379 4057639462
3820311629 3345655962
2396344628 497721960
995443920 1990887841
3981775683 3668584071
3042200846 1789434396
3578868792 2862770288
1430573281 2861146562
1427325829 2854651658
1414336020 2828672040
1362376784 2724753569
1154539842 2309079684
323192073 646384146
1292768293 2585536587
876105879 1752211759
3504423518 2713879741
1132792186 2265584373
236201451 472402903
944805806 1889611612
3779223225 3263479154
2231991012 169014729
338029459 676058919
1352117838 2704235676
1113504057 2227008115
159048934 318097869
636195739 1272391479
2544782958 794598620
1589197241 3178394483
2061821670 4123643341
3952319386 3609671476
2924375656 1553784017
3107568035 1920168775
3840337550 3385707804
2476448313 657929330
1315858661 2631717322
968467349 1936934698
3873869396 3452771496
2610575696 926184096
1852368193 3704736387
3114505478 1934043660
3868087320 3441207345
2587447394 879927492
1759854985 3519709970
2744452644 1193937992
2387875985 480784675
961569350 1923138700
3846277400 3397587505
2500207714 705448132
1410896265 2821792530
1348617764 2697235529
1099503762 2199007525
103047754 206095508
412191016 824382033
1648764067 3297528134
2300088973 305210651
610421303 1220842606
2441685213 588403130
1176806260 2353612520
412257745 824515491
1649030982 3298061964
2301156633 307345971
614691942 1229383885
2458767771 622568246
1245136492 2490272984
685578672 1371157345
2742314690 1189662085
2379324170 463681044
927362088 1854724177
3709448355 3123929415
1952891535 3905783071
3516598846 2738230397
1181493499 2362986999
431006702 862013405
1724026811 3448053622
2601139948 907312601
1814625203 3629250406
2963533516 1632099736
3264199472 2233431648
171896001 343792003
687584007 1375168015
2750336031 1205704766
2411409532 527851769
1055703538 2111407077
4222814154 4150661013
4006354731 3717742167
3140517039 1986066783
3972133566 3649299837
3003632379 1712297462
3424594925 2554222555
813477815 1626955630
3253911261 2212855226
130743157 261486314
522972629 1045945259
2091890518 4183781036
4072594776 3850222256
3405477216 2515987137
737006978 1474013957
2948027914 1601088532
3202177064 2109386832
4218773665 4142580034
3990192773 3685418251
3075869206 1856771116
3713542233 3132117170
1969267045 3938534090
3582100885 2869234475
1443501655 2887003310
1479039325 2958078651
1621190007 3242380015
2189792734 84618173
169236347 338472695
676945391 1353890783
2707781566 1120595837
2241191674 187416052
374832104 749664208
1499328417 2998656835
1702346375 3404692751
2514418206 733869116
1467738233 2935476466
1575985636 3151971272
2008975248 4017950496
3740933696 3186900096
2078832897 4157665794
4020364292 3745761289
3196555283 2098143270
4196286540 4097605784
3900244273 3505521250
2716075204 1137183112
2274366224 253765153
507530307 1015060614
2030121229 4060242458
3825517620 3356067944
2417168593 539369890
1078739780 2157479561
19991827 39983655
79967310 159934620
319869240 639738481
1279476962 2558953925
822940554 1645881109
3291762218 2288557141
282146986 564293972
1128587945 2257175891
219384487 438768974
877537948 1755075896
3510151793 2725336291
1155705286 2311410572
327853849 655707698
1311415396 2622830792
950694288 1901388576
3802777153 3310587010
2326206724 357446153
714892306 1429784613
2859569227 1424171159
2848342319 1401717343
2803434686 1311902077
2623804154 952641012
1905282024 3810564048
3326160800 2357354304
419741312 839482624
1678965248 3357930496
2420893697 546820099
1093640199 2187280399
79593502 159187005
318374011 636748023
1273496047 2546992095
799016895 1598033790
3196067581 2097167867
4194335735 4093704174
3892441052 3489914808
2684862320 1074757345
2149514690 4062085
8124170 16248341
32496682 64993364
129986729 259973459
519946918 1039893836
2079787673 4159575346
4024183397 3753399499
3211831703 2128696110
4257392220 4219817144
4144666992 3994366689
3693766083 3092564871
1890162446 3780324893
3265682491 2236397687
177828078 355656157
711312315 1422624630
2845249261 1395531227
2791062454 1287157613
2574315226 853663157
1707326315 3414652631
2534337967 773708639
1547417278 3094834556
1894701817 3789403634
3283839972 2272712649
250458002 500916005
1001832011 2003664022
4007328045 3719688794
3144410293 1993853290
3987706581 3680445866
3065924437 1836881578
3673763156 3052559016
1810150736 3620301473
2945635650 1596304005
3192608010 2090248724
4180497448 4066027600
3837087904 3379208512
2463449728 631932161
1263864322 2527728645
760489995 1520979991
3041959983 1788952671
3577905342 2860843389
1426719483 2853438967
1411910638 2823821277
1352675258 2705350516
1115733737 2231467474
167967653 335935307
671870614 1343741229
2687482459 1079997623
2159995246 25023196
50046393 100092787
200185575 400371151
800742302 1601484605
3202969211 2110971126
4221942253 4148917211
4002867127 3710766959
3126566622 1958165949
3916331899 3537696502
2780425708 1265884121
2531768243 768569191
1537138383 3074276766
1853586236 3707172473
3119377651 1943788006
3887576013 3480184730
2665402164 1035837032
2071674064 4143348129
3991728962 3688490629
3082013963 1869060630
3738121261 3181275226
2067583157 4135166315
3975365334 3655763373
3016559450 1738151605
3476303211 2657639126
1020310957 2040621915
4081243830 3867520365
3440073435 2585179575
875391855 1750783711
3501567422 2708167549
1121367803 2242735607
190503918 381007837
762015675 1524031350
3048062701 1801158107
3602316214 2909665133
1524362971 3048725942
1802484589 3604969178
2914971061 1534974826
3069949653 1844932010
3689864020 3084760744
1874554192 3749108385
3203249474 2111531653
4223063306 4151159316
4007351337 3719735378
3144503461 1994039626
3988079252 3681191209
3067415122 1839862949
3679725899 3064484503
1834001710 3668003420
3041039544 1787111792
3574223584 2853479873
1411992450 2823984901
1353002507 2706005015
1117042734 2234085468
173203640 346407281
692814562 1385629125
2771258251 1247549206
2495098413 695229530
1390459060 2780918121
1266868947 2533737894
772508493 1545016987
3090033975 1885100655
3770201311 3245435327
2195903359 96839422
193678845 387357690
774715381 1549430762
3098861525 1902755754
3805511508 3316055720
2337144144 379320992
758641985 1517283971
3034567943 1774168590
3548337181 2801707067
1308446839 2616893679
938820062 1877640124
3755280249 3215593203
2136219110 4272438221
4249909146 4204850996
4114734696 3934502097
3574036898 2853106501
1411245706 2822491413
1350015531 2700031062
1105094829 2210189659
125412023 250824046
501648093 1003296187
2006592374 4013184749
3731402203 3167837111
2040706927 4081413855
3867860415 3440753535
2586539774 878112252
1756224504 3512449008
2729930721 1164894147
2329788294 364609292
729218584 1458437168
2916874337 1538781379
3077562758 1860158220
3720316440 3145665585
1996363874 3992727749
3690488202 3086009108
1877050921 3754101843
3213236391 2131505487
4263010974 4231054652
4167142008 4039316721
3783666147 3272364998
2249762701 204558107
409116215 818232430
1636464861 3272929723
2250892151 206817006
413634013 827268027
1654536054 3309072109
2323176923 351386551
702773102 1405546205
2811092411 1327217527
2654435055 1013902814
2027805628 4055611257
3816255219 3337543142
2380118988 465270680
930541360 1861082721
3722165442 3149363589
2003759883 4007519767
3720072238 3145177181
1995387066 3990774132
3686580969 3078194643
1861421991 3722843982
3150720669 2006474043
4012948086 3730928876
3166890457 2038813618
4077627236 3860287177
3425607058 2556246820
817526344 1635052689
3270105378 2245243461
195519626 391039253
782078506 1564157012
3128314025 1961660754
3923321508 3551675720
2808384144 1321800993
2643601987 992236679
1984473359 3968946719
3642926142 2990884989
1686802683 3373605367
2452243438 609519580
1219039161 2438078323
581189350 1162378701
2324757403 354547510
709095020 1418190040
2836380081 1377792866
2755585733 1216204170
2432408341 569849387
1139698774 2279397548
263827800 527655601
1055311203 2110622407
4221244814 4147522332
4000077369 3705187442
3115407588 1935847881
3871695763 3448424230
2601881165 908795034
1817590069 3635180139
2975392982 1655818669
3311637339 2328307383
361647471 723294943
1446589886 2893179772
1491392249 2982784498
1670601700 3341203400
2387439504 479911713
959823427 1919646854
3839293709 3383620123
2472272950 649578605
1299157210 2598314420
901661544 1803323088
3606646177 2918325058
1541682821 3083365642
1871763988 3743527976
3192088656 2089210016
4178420033 4061872770
3828778244 3362589193
2430211091 565454886
1130909772 2261819545
228671795 457343590
914687181 1829374363
3658748727 3022530159
1750093022 3500186044
2705404792 1115842289
2231684578 168401860
336803721 673607442
1347214885 2694429771
1093892247 2187784495
80601695 161203390
322406780 644813560
1289627120 2579254240
863541185 1727082371
3454164743 2613362190
931757084 1863514168
3727028337 3159089379
2023211462 4046422924
3797878553 3300789811
2306612327 318257358
636514716 1273029432
2546058865 797150435
1594300871 3188601742
2082236188 4164472376
4033977456 3772987617
3251007939 2207048583
119129870 238259741
476519482 953038964
1906077928 3812155856
3329344416 2363721536
432475776 864951552
1729903104 3459806208
2624645121 954322947
1908645895 3817291791
3339616286 2384265276
473563256 947126512
1894253024 3788506048
3282044800 2269122305
243277315 486554631
973109263 1946218527
3892437055 3489906815
2684846334 1074725372
2149450744 3934193
7868386 15736773
31473547 62947095
125894191 251788382
503576764 1007153529
2014307058 4028614117
3762260939 3229554583
2164141870 33316445
66632891 133265782
266531565 533063130
1066126260 2132252521
4264505042 4234042789
4173118282 4051269269
3807571243 3320175191
2345383087 395798879
791597758 1583195516
3166391032 2037814769
4075629538 3856291780
3417616264 2540265233
785563171 1571126342
3142252684 1989538073
3979076146 3663184997
3031402699 1767838103
3535676207 2776385119
1257802943 2515605886
736244476 1472488952
2944977904 1594988513
3189977026 2084986757
4169973514 4044979732
3794992169 3295017042
2295066789 295166282
590332564 1180665128
2361330257 427693218
855386436 1710772873
3421545746 2548124196
801281096 1602562193
3205124386 2115281477
4230562955 4166158614
4037349932 3779732568
3264497840 2234028384
173089473 346178947
692357895 1384715791
2769431583 1243895870
2487791740 680616185
1361232370 2722464741
1149962187 2299924374
304881452 609762905
1219525811 2439051622
583135948 1166271897
2332543794 370120293
740240586 1480481172
2960962344 1626957392
3253914785 2212862274
130757253 261514506
523029013 1046058026
2092116052 4184232105
4073496914 3852026533
3409085770 2523204245
751441195 1502882390
3005764780 1716562264
3433124529 2571281762
847596228 1695192457
3390384914 2485802532
676637768 1353275537
2706551074 1118134853
2236269707 177572118
355144237 710288475
1420576950 2841153900
1387340505 2774681011
1254394727 2508789455
722611615 1445223231
2890446462 1485925628
2971851256 1648735217
3297470434 2299973572
304979848 609959696
1219919392 2439838785
584710274 1169420549
2338841098 382714900
765429800 1530859601
3061719203 1828471111
3656942222 3018917148
1742867001 3485734003
2676500710 1058034124
2116068249 4232136498
4169305701 4043644107
3792320919 3289674542
2284381789 273796282
547592564 1095185128
2190370256 85773216
171546433 343092867
686185735 1372371471
2744742943 1194518590
2389037180 483107065
966214130 1932428261
3864856522 3434745749
2574524203 854081111
1708162222 3416324444
2537681592 780395888
1560791776 3121583552
1948199808 3896399616
3497831937 2700696579
1106425862 2212851725
130736155 261472311
522944622 1045889245
2091778491 4183556982
4072146668 3849326041
3403684786 2512402277
729837259 1459674518
2919349037 1543730778
3087461556 1879955816
3759911632 3224855968
2154744640 14521984
29043968 58087936
116175872 232351744
464703488 929406976
1858813952 3717627904
3140288513 1985609731
3971219463 3647471630
2999975964 1704984633
3409969267 2524971238
754975180 1509950361
3019900722 1744834149
3489668298 2684369301
1073771307 2147542614
117933 235867
471734 943468
1886936 3773873
7547747 15095495
30190990 60381981
120763962 241527924
483055848 966111696
1932223393 3864446787
3433926279 2572885262
850803228 1701606456
3403212913 2511458531
727949766 1455899532
2911799064 1528630833
3057261667 1819556038
3639112076 2983256857
1671546419 3343092838
2391218380 487469464
974938928 1949877857
3899755714 3504544133
2714120971 1133274646
2266549293 238131290
476262580 952525161
1905050322 3810100644
3325233992 2355500688
416034081 832068163
1664136326 3328272653
2361578011 428188726
856377452 1712754904
3425509809 2556052322
817137348 1634274697
3268549394 2242131492
189295688 378591377
757182754 1514365508
3028731017 1762494739
3524989479 2755011663
1215056031 2430112063
565256831 1130513663
2261027327 227087358
454174717 908349434
1816698869 3633397738
2971828180 1648689064
3297378129 2299788962
304610629 609221259
1218442519 2436885039
578802783 1157605566
2315211132 335454969
670909938 1341819877
2683639754 1072312213
2144624426 4289248852
4283530408 4272093520
4249219744 4203472192
4111977088 3928986881
3563006467 2831045638
1367123980 2734247960
1173528625 2347057251
399147206 798294412
1596588824 3193177648
2091388000 4182776000
4070584704 3846202113
3397436931 2499906566
704845836 1409691672
2819383344 1343799392
2687598784 1080230272
2160460544 25953793
51907586 103815173
207630346 415260693
830521386 1661042772
3322085545 2349203794
403440293 806880587
1613761174 3227522349
2160077402 25187509
50375019 100750039
201500078 403000156
806000313 1612000627
3224001255 2153035214
11103133 22206266
44412532 88825064
177650128 355300257
710600515 1421201030
2842402061 1389836827
2779673655 1264380015
2528760031 762552767
1525105534 3050211069
1805454843 3610909687
2926852078 1558736860
3117473721 1939980146
