0 16
1 16
2 17
3 16
4 5
5 28
6 16
7 16
8 20
9 16
10 16
11 18
12 20
13 16
14 18
15 28
16 11
17 20
18 26
19 16
20 16
21 16
22 15
23 26
24 16
25 23
26 16
27 16
28 16
29 16
30 16
31 10
32 12
33 16
34 19
35 2
36 16
37 10
38 16
39 16
40 16
41 16
42 16
43 18
44 16
45 16
46 16
47 26
48 16
49 16
50 16
51 16
52 16
53 16
54 16
55 15
56 15
57 16
58 20
59 17
60 16
61 2
62 16
63 16
64 16
65 20
66 21
67 20
68 16
69 16
70 2
71 16
72 28
73 16
74 24
75 30
76 16
77 17
78 8
79 16
80 18
81 18
82 16
83 16
84 23
85 16
86 2
87 16
88 16
89 16
90 16
91 16
92 18
93 16
94 20
95 16
96 16
97 16
98 16
99 23
100 16
101 16
102 16
103 16
104 16
105 16
106 20
107 16
108 16
109 16
110 24
111 16
112 16
113 18
114 16
115 16
116 18
117 16
118 16
119 2
120 17
121 16
122 16
123 16
124 16
125 16
126 24
127 20
128 16
129 16
130 16
131 20
132 16
133 16
134 16
135 16
136 16
137 2
138 20
139 16
140 16
141 18
142 16
143 16
144 18
145 16
146 11
147 16
148 2
149 9
150 16
151 18
152 9
153 19
154 16
155 30
156 16
157 15
158 16
159 18
160 15
161 21
162 16
163 16
164 16
165 18
166 16
167 16
168 16
169 16
170 16
171 21
172 16
173 2
174 8
175 11
176 22
177 16
178 16
179 16
180 16
181 16
182 16
183 18
184 26
185 17
186 16
187 16
188 16
189 16
190 16
191 8
192 16
193 16
194 9
195 4
196 16
197 16
198 16
199 16
200 16
201 18
202 16
203 26
204 21
205 26
206 24
207 16
208 10
209 28
210 4
211 16
212 18
213 16
214 16
215 31
216 18
217 22
218 16
219 16
220 16
221 16
222 18
223 5
224 16
225 16
226 16
227 11
228 16
229 18
230 16
231 16
232 18
233 18
234 16
235 18
236 16
237 30
238 29
239 8
240 15
241 16
242 20
243 16
244 18
245 16
246 16
247 16
248 25
249 16
250 16
251 16
252 19
253 12
254 18
255 16
256 2
257 16
258 22
259 16
260 16
261 16
262 24
263 16
264 16
265 9
266 18
267 20
268 16
269 17
270 16
271 16
272 17
273 26
274 18
275 18
276 18
277 10
278 16
279 11
280 26
281 16
282 16
283 16
284 16
285 16
286 16
287 16
288 16
289 16
290 20
291 21
292 20
293 24
294 8
295 19
296 16
297 8
298 18
299 17
300 2
301 16
302 16
303 28
304 16
305 29
306 18
307 16
308 16
309 16
310 17
311 16
312 16
313 16
314 12
315 15
316 24
317 16
318 16
319 16
320 20
321 16
322 16
323 20
324 28
325 16
326 16
327 16
328 16
329 18
330 16
331 16
332 16
333 28
334 16
335 16
336 16
337 16
338 20
339 16
340 16
341 16
342 16
343 16
344 12
345 28
346 8
347 4
348 16
349 18
350 16
351 20
352 16
353 10
354 2
355 20
356 12
357 16
358 21
359 16
360 26
361 16
362 20
363 12
364 16
365 16
366 16
367 20
368 19
369 16
370 19
371 29
372 26
373 18
374 16
375 14
376 24
377 28
378 2
379 18
380 16
381 18
382 16
383 12
384 18
385 26
386 16
387 16
388 16
389 16
390 16
391 16
392 16
393 16
394 16
395 16
396 16
397 24
398 18
399 17
400 16
401 16
402 16
403 20
404 4
405 16
406 16
407 18
408 16
409 16
410 16
411 16
412 16
413 18
414 16
415 16
416 17
417 4
418 16
419 16
420 16
421 8
422 16
423 13
424 16
425 16
426 16
427 16
428 16
429 16
430 16
431 16
432 16
433 16
434 16
435 17
436 16
437 12
438 16
439 16
440 24
441 19
442 16
443 22
444 16
445 16
446 20
447 2
448 16
449 16
450 17
451 8
452 16
453 16
454 16
455 16
456 18
457 16
458 16
459 17
460 28
461 16
462 16
463 8
464 18
465 9
466 16
467 16
468 21
469 18
470 6
471 30
472 30
473 17
474 16
475 16
476 16
477 16
478 24
479 20
480 24
481 17
482 29
483 16
484 19
485 30
486 16
487 16
488 4
489 16
490 20
491 16
492 16
493 18
494 18
495 16
496 16
497 16
498 18
499 24
500 16
501 16
502 16
503 4
504 20
505 16
506 16
507 11
508 16
509 16
510 16
511 18
