1	27.136
10	2.836
20	1.486
30	1.036
40	0.811
50	0.676
60	0.586
70	0.521714286
80	0.4735
90	0.436
100	0.406
110	0.381454545
120	0.361
130	0.343692308
140	0.328857143
150	0.316
160	0.30475
170	0.294823529
180	0.286
190	0.278105263
200	0.271
210	0.264571429
220	0.258727273
230	0.253391304
240	0.2485
250	0.244
260	0.239846154
270	0.236
280	0.232428571
290	0.229103448
300	0.226
310	0.223096774
320	0.220375
330	0.217818182
340	0.215411765
350	0.213142857
360	0.211
370	0.208972973
380	0.207052632
390	0.205230769
400	0.2035
410	0.201853659
420	0.200285714
430	0.198790698
440	0.197363636
450	0.196
460	0.194695652
470	0.193446809
480	0.19225
490	0.191102041
500	0.19
510	0.188941176
520	0.187923077
530	0.186943396
540	0.186
550	0.185090909
560	0.184214286
570	0.183368421
580	0.182551724
590	0.181762712
600	0.181
610	0.180262295
620	0.179548387
630	0.178857143
640	0.1781875
650	0.177538462
660	0.176909091
670	0.176298507
680	0.175705882
690	0.175130435
700	0.174571429
710	0.174028169
720	0.1735
730	0.172986301
740	0.172486486
750	0.172
760	0.171526316
770	0.171064935
780	0.170615385
790	0.170177215
800	0.16975
810	0.169333333
820	0.168926829
830	0.16853012
840	0.168142857
850	0.167764706
860	0.167395349
870	0.167034483
880	0.166681818
890	0.166337079
900	0.166
910	0.16567033
920	0.165347826
930	0.165032258
940	0.164723404
950	0.164421053
960	0.164125
970	0.163835052
980	0.16355102
990	0.163272727
1000	0.163
1010	0.162732673
1020	0.162470588
1030	0.162213592
1040	0.161961538
1050	0.161714286
1060	0.161471698
1070	0.161233645
1080	0.161
1090	0.160770642
1100	0.160545455
1110	0.160324324
1120	0.160107143
1130	0.159893805
1140	0.159684211
1150	0.159478261
1160	0.159275862
1170	0.159076923
1180	0.158881356
1190	0.158689076
1200	0.1585
1210	0.15831405
1220	0.158131148
1230	0.15795122
1240	0.157774194
1250	0.1576
1260	0.157428571
1270	0.157259843
1280	0.15709375
1290	0.156930233
1300	0.156769231
1310	0.156610687
1320	0.156454545
1330	0.156300752
1340	0.156149254
1350	0.156
1360	0.155852941
1370	0.155708029
1380	0.155565217
1390	0.15542446
1400	0.155285714
1410	0.155148936
1420	0.155014085
1430	0.154881119
1440	0.15475
1450	0.15462069
1460	0.154493151
1470	0.154367347
1480	0.154243243
1490	0.154120805
1500	0.154
1510	0.153880795
1520	0.153763158
1530	0.153647059
1540	0.153532468
1550	0.153419355
1560	0.153307692
1570	0.153197452
1580	0.153088608
1590	0.152981132
1600	0.152875
1610	0.152770186
1620	0.152666667
1630	0.152564417
1640	0.152463415
1650	0.152363636
1660	0.15226506
1670	0.152167665
1680	0.152071429
1690	0.151976331
1700	0.151882353
1710	0.151789474
1720	0.151697674
1730	0.151606936
1740	0.151517241
1750	0.151428571
1760	0.151340909
1770	0.151254237
1780	0.151168539
1790	0.151083799
1800	0.151
1810	0.150917127
1820	0.150835165
1830	0.150754098
1840	0.150673913
1850	0.150594595
1860	0.150516129
1870	0.150438503
1880	0.150361702
1890	0.150285714
1900	0.150210526
1910	0.150136126
1920	0.1500625
1930	0.149989637
1940	0.149917526
1950	0.149846154
1960	0.14977551
1970	0.149705584
1980	0.149636364
1990	0.149567839
2000	0.1495
2010	0.149432836
2020	0.149366337
2030	0.149300493
2040	0.149235294
2050	0.149170732
2060	0.149106796
2070	0.149043478
2080	0.148980769
2090	0.14891866
2100	0.148857143
2110	0.148796209
2120	0.148735849
2130	0.148676056
2140	0.148616822
2150	0.14855814
2160	0.1485
2170	0.148442396
2180	0.148385321
2190	0.148328767
2200	0.148272727
2210	0.148217195
2220	0.148162162
2230	0.148107623
2240	0.148053571
2250	0.148
2260	0.147946903
2270	0.147894273
2280	0.147842105
2290	0.147790393
2300	0.14773913
2310	0.147688312
2320	0.147637931
2330	0.147587983
2340	0.147538462
2350	0.147489362
2360	0.147440678
2370	0.147392405
2380	0.147344538
2390	0.147297071
2400	0.14725
2410	0.14720332
2420	0.147157025
2430	0.147111111
2440	0.147065574
2450	0.147020408
2460	0.14697561
2470	0.146931174
2480	0.146887097
2490	0.146843373
2500	0.1468
2510	0.146756972
2520	0.146714286
2530	0.146671937
2540	0.146629921
2550	0.146588235
2560	0.146546875
2570	0.146505837
2580	0.146465116
2590	0.14642471
2600	0.146384615
2610	0.146344828
2620	0.146305344
2630	0.14626616
2640	0.146227273
2650	0.146188679
2660	0.146150376
2670	0.14611236
2680	0.146074627
2690	0.146037175
2700	0.146
2710	0.1459631
2720	0.145926471
2730	0.14589011
2740	0.145854015
2750	0.145818182
2760	0.145782609
2770	0.145747292
2780	0.14571223
2790	0.145677419
2800	0.145642857
2810	0.145608541
2820	0.145574468
2830	0.145540636
2840	0.145507042
2850	0.145473684
2860	0.145440559
2870	0.145407666
2880	0.145375
2890	0.145342561
2900	0.145310345
2910	0.145278351
2920	0.145246575
2930	0.145215017
2940	0.145183673
2950	0.145152542
2960	0.145121622
2970	0.145090909
2980	0.145060403
2990	0.1450301
3000	0.145
3010	0.1449701
3020	0.144940397
3030	0.144910891
3040	0.144881579
3050	0.144852459
3060	0.144823529
3070	0.144794788
3080	0.144766234
3090	0.144737864
3100	0.144709677
3110	0.144681672
3120	0.144653846
3130	0.144626198
3140	0.144598726
3150	0.144571429
3160	0.144544304
3170	0.14451735
3180	0.144490566
3190	0.14446395
3200	0.1444375
3210	0.144411215
3220	0.144385093
3230	0.144359133
3240	0.144333333
3250	0.144307692
3260	0.144282209
3270	0.144256881
3280	0.144231707
3290	0.144206687
3300	0.144181818
3310	0.1441571
3320	0.14413253
3330	0.144108108
3340	0.144083832
3350	0.144059701
3360	0.144035714
3370	0.144011869
3380	0.143988166
3390	0.143964602
3400	0.143941176
3410	0.143917889
3420	0.143894737
3430	0.14387172
3440	0.143848837
3450	0.143826087
3460	0.143803468
3470	0.14378098
3480	0.143758621
3490	0.14373639
3500	0.143714286
3510	0.143692308
3520	0.143670455
3530	0.143648725
3540	0.143627119
3550	0.143605634
3560	0.14358427
3570	0.143563025
3580	0.143541899
3590	0.143520891
3600	0.1435
3610	0.143479224
3620	0.143458564
3630	0.143438017
3640	0.143417582
3650	0.14339726
3660	0.143377049
3670	0.143356948
3680	0.143336957
3690	0.143317073
3700	0.143297297
3710	0.143277628
3720	0.143258065
3730	0.143238606
3740	0.143219251
3750	0.1432
3760	0.143180851
3770	0.143161804
3780	0.143142857
3790	0.143124011
3800	0.143105263
3810	0.143086614
3820	0.143068063
3830	0.143049608
3840	0.14303125
3850	0.143012987
3860	0.142994819
3870	0.142976744
3880	0.142958763
3890	0.142940874
3900	0.142923077
3910	0.142905371
3920	0.142887755
3930	0.142870229
3940	0.142852792
3950	0.142835443
3960	0.142818182
3970	0.142801008
3980	0.14278392
3990	0.142766917
4000	0.14275
4010	0.142733167
4020	0.142716418
4030	0.142699752
4040	0.142683168
4050	0.142666667
4060	0.142650246
4070	0.142633907
4080	0.142617647
4090	0.142601467
4100	0.142585366
4110	0.142569343
4120	0.142553398
4130	0.14253753
4140	0.142521739
4150	0.142506024
4160	0.142490385
4170	0.14247482
4180	0.14245933
4190	0.142443914
4200	0.142428571
4210	0.142413302
4220	0.142398104
4230	0.142382979
4240	0.142367925
4250	0.142352941
4260	0.142338028
4270	0.142323185
4280	0.142308411
4290	0.142293706
4300	0.14227907
4310	0.142264501
4320	0.14225
4330	0.142235566
4340	0.142221198
4350	0.142206897
4360	0.142192661
4370	0.14217849
4380	0.142164384
4390	0.142150342
4400	0.142136364
4410	0.142122449
4420	0.142108597
4430	0.142094808
4440	0.142081081
4450	0.142067416
4460	0.142053812
4470	0.142040268
4480	0.142026786
4490	0.142013363
4500	0.142
4510	0.141986696
4520	0.141973451
4530	0.141960265
4540	0.141947137
4550	0.141934066
4560	0.141921053
4570	0.141908096
4580	0.141895197
4590	0.141882353
4600	0.141869565
4610	0.141856833
4620	0.141844156
4630	0.141831533
4640	0.141818966
4650	0.141806452
4660	0.141793991
4670	0.141781585
4680	0.141769231
4690	0.14175693
4700	0.141744681
4710	0.141732484
4720	0.141720339
4730	0.141708245
4740	0.141696203
4750	0.141684211
4760	0.141672269
4770	0.141660377
4780	0.141648536
4790	0.141636743
4800	0.141625
4810	0.141613306
4820	0.14160166
4830	0.141590062
4840	0.141578512
4850	0.14156701
4860	0.141555556
4870	0.141544148
4880	0.141532787
4890	0.141521472
4900	0.141510204
4910	0.141498982
4920	0.141487805
4930	0.141476673
4940	0.141465587
4950	0.141454545
4960	0.141443548
4970	0.141432596
4980	0.141421687
4990	0.141410822
5000	0.1414
5010	0.141389222
5020	0.141378486
5030	0.141367793
5040	0.141357143
5050	0.141346535
5060	0.141335968
5070	0.141325444
5080	0.141314961
5090	0.141304519
5100	0.141294118
5110	0.141283757
5120	0.141273438
5130	0.141263158
5140	0.141252918
5150	0.141242718
5160	0.141232558
5170	0.141222437
5180	0.141212355
5190	0.141202312
5200	0.141192308
5210	0.141182342
5220	0.141172414
5230	0.141162524
5240	0.141152672
5250	0.141142857
5260	0.14113308
5270	0.14112334
5280	0.141113636
5290	0.14110397
5300	0.14109434
5310	0.141084746
5320	0.141075188
5330	0.141065666
5340	0.14105618
5350	0.141046729
5360	0.141037313
5370	0.141027933
5380	0.141018587
5390	0.141009276
5400	0.141
5410	0.140990758
5420	0.14098155
5430	0.140972376
5440	0.140963235
5450	0.140954128
5460	0.140945055
5470	0.140936015
5480	0.140927007
5490	0.140918033
5500	0.140909091
5510	0.140900181
5520	0.140891304
5530	0.140882459
5540	0.140873646
5550	0.140864865
5560	0.140856115
5570	0.140847397
5580	0.14083871
5590	0.140830054
5600	0.140821429
5610	0.140812834
5620	0.14080427
5630	0.140795737
5640	0.140787234
5650	0.140778761
5660	0.140770318
5670	0.140761905
5680	0.140753521
5690	0.140745167
5700	0.140736842
5710	0.140728546
5720	0.14072028
5730	0.140712042
5740	0.140703833
5750	0.140695652
5760	0.1406875
5770	0.140679376
5780	0.14067128
5790	0.140663212
5800	0.140655172
5810	0.14064716
5820	0.140639175
5830	0.140631218
5840	0.140623288
5850	0.140615385
5860	0.140607509
5870	0.140599659
5880	0.140591837
5890	0.140584041
5900	0.140576271
5910	0.140568528
5920	0.140560811
5930	0.14055312
5940	0.140545455
5950	0.140537815
5960	0.140530201
5970	0.140522613
5980	0.14051505
5990	0.140507513
6000	0.1405
6010	0.140492512
6020	0.14048505
6030	0.140477612
6040	0.140470199
6050	0.14046281
6060	0.140455446
6070	0.140448105
